461233214
1269745303177048067
3854598977
970749209971511297
1237096260047441925
1014806276075917312
75694656
3407403563
1252477098968723456
1247690191072112640
1184655825618395136
1208190362696798215
737636119
838477828551225346
1020768701451300865
1240375915919609857
745413169770864640
40573298
713614510402232320
895037516906201093
1660482649
1206747839801544705
973217739790790656
1002718981189447680
737847085098250241
1188632016104894464
710737724
1017087333546496001
1172169146395713537
894324034367827968
1000742356520497153
1143304451072991232
1163478918004916224
1041821940649021440
959452321095802880
1135599861632569344
851136993874542592
1088554095621955584
1127924758027350019
997254471012044800
1037059776927215616
756355081302319104
778997167038029824
2447816410
1521921229
1086400960518389761
1103392464205959168
177966311
1033661586744008704
993501662307323904
1094261882645610497
1085581327997550598
2753575201
874049622880268288
4886565041
1078051993543983111
318601355
994223771610419200
1062831288665755648
1058028317696253953
2936159555
1052366223260958721
882323320242409472
809015371709763584
868509187734687748
181751776
