902934528087511040
1272007829805817857
1156950899018936320
824799422160723970
1271489750684381187
3191344311
1177349048363339776
116486046
1267689571099213826
1265851705553543170
1609477338
1144383535161196544
708500054626144261
1267836199953203204
285193820
801100887846514688
1241740606445105153
1267329263851712513
808493979838873606
1100160710242385920
1375604510
1199644967502798848
772093740605403137
1234214488066445314
1265405700106321920
852181516302123009
868896123175534595
821187749130698752
1086675160118239234
883857162409308161
1196969741782593537
2986295908
792019400320753665
758699838309621760
1262156312382758913
967437825347112961
1007966774351065088
747977595233370112
3936135029
1124012165801893888
937121318411079680
1012481278694907905
1171583543752966144
4352567057
1130651672999546880
3096655737
758887594268602369
1201181605559177222
1247753487636516865
1187727087848869890
1199000972019806208
1188076697595326467
1213130316677668864
2698636460
907968295772585985
1206066531043598337
1067239020806238208
1242417355088695302
1242570326644609024
820541178
1194067210987327488
1218960369936490499
1045418266221531136
1157506206702944257
1131708066989322240
1181358542818861056
1187859330793693184
4449549575
1125830721652908033
847197392705400832
1147506639366426624
1210961131021291520
1236471978279780353
1158148867642277888
216147053
1237944647311339520
1237482930836045826
1169329375499735041
1236654261318098945
1234189511980130306
1234268415524769794
1234246679274172416
1135058029064478720
1217653718939840512
1233157395779641347
1226037534809042944
1232919211967700992
1086032756054859777
1231423240117084160
1113964792899952641
1232410737194209285
1232369269297557504
497114969
1229247925114605569
1220054438817210368
1231079824308998144
1170868718953553921
1230329724666294273
777910677482663936
1229741560251678720
1134622250039205889
1228701329369030657
1134874752424796161
1212772596900478977
1133010348607463425
1224534603114930177
1175966945256120320
1156604254909542400
1134561106821885952
955298621775384577
1216191506542923778
1220913573444116480
1218151608049115136
1220911480977096704
774679184
1220852578436644864
1145000541807894528
1214602109733232641
1217864127420555276
3314350473
1216884637185777664
1179749383404957697
1172981334115061760
1214694304247173121
1197221425649790976
3496266383
830783193410314245
1213538703143866368
1158761562821337089
1212756091559235584
1116771559060967424
1209831170290208768
1199831879186362368
1177760919016919040
929905225795821568
356448452
1208577810652106756
1053854383627218944
1204560394964086784
1151248632970207238
1207487775668355073
1204918011074887680
1198427124358627328
1175175076456669184
846981000571867136
1204054509032542208
1203475380339953666
1087478906318479361
1190351274241339395
1202362493286440960
1005876094225059840
1114240372740431873
943536351722524673
1173707080601165826
1183808320072814594
1013186592247353345
1200206253332586496
1188647112080269312
1102026575065812994
760617375553228800
1164388674307538944
1191772869149253637
1150449299785953282
825709910885277697
929357990200840193
1142543611617316870
1084474564434952199
1168881671082586114
1016819069348130816
1182081049540608000
1163249584119959552
960866679940108288
1184579734178533377
1122113742072963074
1175080251787010054
1180644421769019393
1100521470458060800
1180235206709710855
3403015793
1142940599772942336
1145847132852822016
1699950121
1172694972958728192
1172515313876918272
3178199296
1043250807678939136
1171237568689688576
1169386595235041280
940615224184528896
1168308706712477697
1166360440470953984
987423428910166016
942571670035890176
1166528925624877058
1104875253497585665
1025062407947931648
1154493297425080325
1156698872007340032
1015978421514653696
1000450434543374337
1048409845924290560
1152286356141412352
1158039710851391488
1101601903421636608
1039487064721575936
1146511739590197249
723255054300536832
1073374027576676352
1157507411030269952
1085444876316098560
1157170981141667840
921141354872401925
1120479455229689856
739965133951229952
1146910194267492353
1148227521701404672
1103482085455609856
1015976172944084992
1133144717951209472
1010958844904853504
1153464132596879366
992582890344079360
1072153061370540038
1029042177538699264
1149764088186249216
1142967209192505351
1148275428353855488
1138975887490240513
1148188634593583104
1147988602942611458
1081735022397321216
1146390740072849409
858864889435230209
1141487047611469824
1049106088262557696
2871522196
1144937029245001728
1119848797310476288
1103465899024150531
1133209968344260609
1020453578295693315
1141490221147709440
918201369236049921
932566772972249088
1139143121630060545
1138987027695845376
1105950675073204224
1007686526828974080
959452321095802880
1135353231079555072
1000502149665652737
1133594755101790208
984125582102458375
1132027927162490885
1001854524951351297
1134202887159123982
1131697710699036672
1133058531572277250
1133067484679102471
1097295009655721984
1063862473047121921
2897344143
934961784838148096
1129974914281349120
925881479888031745
1123797798862958593
1092253110628765696
1128082573492617216
1128065379417362434
1127641499640958976
1116422594075463681
1087893683129720832
1022997413211058176
708671230
767144315684610048
1117959235059494913
1117605923663560708
1068838608763785216
4906692118
1052705511274110981
2271706543
1094650918316986368
1110344952473624582
1105212736349396992
1032006900362166272
1083491545314197506
989607055131594752
1069756318246977537
1003823067137740810
1105959600556253185
1105141146286731266
1055215820790472705
916484382793326592
3394363587
3125345297
953286338123583488
849778241565020160
1102662422949756929
966059938513637377
1084579173765709824
909512653298700289
719020604452663296
1023055836900454401
990327921322659840
974651103815131137
926627503267090432
247545024
1097786900105048065
1083649216449265665
199880807
1056005723610640384
1019035644960665600
1094606384237297664
725349306715267072
450018471
927328073082695680
1077923740191784961
1070312792400506880
1093951607732084736
1077139473635385345
1093644111335313409
467993468
1010565784844816390
918691578440323074
1090779299660087298
1075602010626551818
790407601926340608
1932338682
112800585
813170715822358528
765681767302963200
882404573566160900
1080490852538073088
1067905030978760704
1086299160616292352
981672344488996865
1030979882434617346
1085772340452122624
1085733866323828736
779303126885163009
4880238196
1043282540826697728
615579583
272777314
1087834934
818482539249725443
976268106527117312
866421027194232834
886448302522290176
918196379213881346
964161032884277255
235108322
950906306365394944
989985334246215680
1011451879933534213
1067777807886049280
855334430767841281
3834534587
985983743025401857
1075537930360360961
2730256407
1022846516837457926
772944231136694274
1067151101235990529
899456167386152961
937872079629836288
3676650507
893860629471277064
866195062891393024
325146789
1010021107456282625
879207343090802688
807962385436831744
1061988742116925441
1046573456647696384
1054913539004096516
1005290805328793600
1047701656304062469
1041786868998844416
1049183907885830144
1050545194930720771
1049160591275950082
996930248947240961
754534702418198528
1029207424924835840
1037880613565603840
927148388277252096
2308819819
1018969225925398529
922788706666405893
989539252164812805
1024725412537090048
2293108508
1024843434954317825
995331505068105728
766057705392005126
1024426322125307904
1022885188999753728
841078769670545408
1014552232266739712
989870154984062981
1010354795662725120
987401940035362816
2418974603
739497369000153088
1387690028
3915125902
841832679146438656
1006540161432334336
111698159
975086317875933184
980634037604835329
850936459557261312
954472321498181633
751901235591208960
764870108250529792
