2466390535
1218960369936490499
1123797798862958593
945696182340411392
888234707611246594
4203712319
834393003636690944
1201181605559177222
1240814835920748544
832549014587527168
1242420684204187648
1243411476972367872
1204918011074887680
289452667
1169449486621585410
1147506639366426624
1238218533571616769
1228381759924002817
1195474388214304768
1115658747785797632
1234268415524769794
1225448709967753216
724076909584375808
1053037692655677440
758887594268602369
1119848797310476288
1134622250039205889
1063862473047121921
1191772869149253637
1220017613239091204
1198830712654356480
1219748699145936896
1219088611330744320
1078436827172925440
1201238322582114312
1115430062965317633
1216195048376872961
1194471439409328129
979553322997706758
852181516302123009
1214602109733232641
1045418266221531136
1140016537748811777
1200575831384428544
362707678
1138994394613374976
1048750820311945216
1210915395231596545
1049063720213733376
1088867932371857410
961101024021942272
1195919420801114114
880221228346347520
1209136191808950273
4098909021
1114240372740431873
975410983094095873
1083491545314197506
1045506781550702592
1166360440470953984
1091801714250956802
1151503251986161666
2223841498
1081783177478373377
1199000972019806208
1041132300916977668
989607055131594752
1107450330051153920
431029246
1175175076456669184
1081576810192793606
1387690028
980634037604835329
1168574337252823043
1080170664089276416
940039564734767104
764870108250529792
1002631490637828107
956699111255887872
877924501283119104
1200399602001809409
1125830721652908033
1197298614516752384
3411021999
941068363274620929
2539999211
2268333342
1004910678958837761
497114969
729004530
1105212736349396992
3707701575
1116422594075463681
942571670035890176
721092286046728193
2965539970
1049106088262557696
1142173942188335105
895408157442355200
818940622946127874
925123562251411456
751247278929809409
710574394397970432
955298621775384577
1085444876316098560
918201369236049921
954472321498181633
1030177137561624576
1172677653901578240
989870154984062981
1122726339038056448
1107248245867233280
850715307534667776
1194750664141873152
954852132947185664
1191749478086258688
1190075419028066304
951567217359015937
3395079915
1163249584119959552
1170412243399454720
846116484187328513
1166354611986468865
1165428879781236736
1158865697390379008
1139443858239098880
1131884819531665408
1116771559060967424
4188139511
893550876522160129
1124012165801893888
1113394538574487552
1044230610280226817
1128173044952858624
883081865988628480
802674412646502400
1140393212114284546
1022878699895570432
1138438832653840390
1135661655378079745
1125759702581825537
1130499493017870336
1098652939537780737
1083126128745820160
1126991141986013186
849252212828250113
1070114361623101440
734899936425312256
2897344143
968669875186163712
1047701656304062469
1038931044379049984
1057335955726622720
2269790148
983474975922360320
712783135574999040
929741570928193537
1924514052
817439859606491138
3080388087
1111659153221713925
1116775208151592966
1114689597332701184
1057033620429381633
1094621524743675904
890407189181059072
1058588895825350658
1108102559686905856
1105950675073204224
743632508462448640
751227572176949248
1104355720315715585
933684798136168448
1105228975310323713
1092522506064482304
1043284372810555393
1011215229915684864
818461892654022656
727189264451162112
807115427000315904
867128734012370945
1100883536045883394
1041327020884414464
1033141798120706050
997151122677780480
734052976730484738
1082420938522673158
1101626670530859008
259257311
4243843923
207096253
733024511411511296
3422311295
1100247594415112192
1100550132918116352
3131496262
1099510225370079232
1097295009655721984
1079044790287765505
1098784554385637376
787051155398483968
1046070810971131905
4496022075
1077655636878479365
928469263689580544
3050144297
867455380623953922
4268278822
1095344584379514882
181371984
2436361179
1093902911636205569
951291547466829824
1088485065640824833
1036297443833462785
951884360470417408
397843841
1090602439458344962
841951486636621824
4657097015
843265287084564480
887354718267244544
2787766235
336595143
1077013853798567936
954833869831852032
859552449073340416
776244019085082624
1049064909147963392
1071228241879449601
932566772972249088
765942124919549952
791765271623110656
1081929373886877697
1023055836900454401
1084994981289447428
837828417903017985
1012368056885153792
1072245336561860608
1084171469444317184
1085149063
1077989866451976193
216536463
3386773019
2178581403
1081320639846404096
866421027194232834
800857038456782849
943901678197231616
481950275
1081233387392827392
935334567745073152
1070674683417280512
1075565154677477376
1079231560157745160
1040719347503775746
1076159181877661696
948416194263986176
1017039954025820162
152675803
3317945127
1066335471737991168
1058847883720568834
1057840416987496449
1072295671263313921
51588583
1072030291903086592
47395667
1027565671708852224
754060107495854080
1026518942385356802
1025553277163847681
1065242936932216832
2883862495
4870641658
718546750324219904
701129962850545664
765693241496838144
3846563122
745474170062929920
1069008248920072192
879904182043635713
1066008604912832512
328674672
947318399515938817
834043927317639168
792850534021693440
938163042491228160
805229960277401600
967769124674863104
2962064481
2895064850
946421432019574785
1057514354977976320
898329111768293377
1064978819134689280
3412438107
974332968889147394
1031889102885584896
734934148092157952
1064259475857653760
902934528087511040
977320423972012032
912473921924026368
1932338682
2868026092
791668340444004352
961804072968888321
1063577349139169280
3566132487
2992601410
1061652323800276992
1030409518633680896
456147820
1047292493853863936
1058358072
744390270079406082
906601670485970944
1032019652568907777
1031678173476519937
606583721
818783734417817600
779303126885163009
983036025437065217
1053854383627218944
993195505789362177
1054168972642394112
319854857
1044939924334661632
936618659270856704
448885629
2279109631
1011396970366357504
4001692204
800721256307826688
938173624007217153
1048761522497966080
946053106927853569
1042475629852078080
3381158369
1034989432720564232
996507401460346881
986052181135675393
910568066978865157
1018941765485776896
1045105863478956032
386241140
903756177217118208
873523052277051392
2293108508
235108322
965693073039740928
909599249561718784
901148619016986624
3319164947
1892083944
853855055216345090
726812132843638786
736959494945689600
999830822713741313
792019400320753665
446511187
559963139
875875903594799104
2277194843
2871522196
950906306365394944
841832679146438656
