1052709092622573573
1166463338626342913
752640351463149569
1254742524108955648
935334567745073152
1158367899108683776
1121236062188253185
969407363512983553
1245514713754189838
1147972899309019137
1246284903815229442
705458058449784832
744390270079406082
717290351338340352
1117605923663560708
1019770177356001280
1242126461370327041
1201181605559177222
960866679940108288
1069368203208507392
757987723357683712
1240479703884070912
1137107444239405057
1167997516807323648
1214246856261132293
1127584253544423424
1102749183310774273
1156531874648530944
1226037534809042944
940981769289043970
753615857557860353
1168574337252823043
1375604510
1155524972003188736
1030177137561624576
1231988564835041280
821200171501547520
1228701329369030657
1229741560251678720
1228543912756891648
767415036994326528
1004910678958837761
760617375553228800
1126692842485633024
1227392442825105414
1159479211343695872
4157388261
4828622423
3028795905
1545509534
1141468348875776001
4496022075
4476343468
1056266052286509057
1165273558358138880
1114146029606191104
1223753878149222402
1932338682
792019400320753665
894252786845712386
1220044596039819264
774679184
1218902707525820417
1218715256400293888
1110313421776527362
823226482822627329
1222526233
800721256307826688
876522998089617409
1022878699895570432
1193634811761627136
3795069496
1215283874223312897
1214602109733232641
1096982161729732608
1214140622208036865
965693073039740928
2466390535
285193820
1154032055350464514
820541178
792850534021693440
834043927317639168
794686074
925678689915953152
1211040459734171649
766403706665496580
955857913955962882
1209136191808950273
856275436132761600
1208589911638585344
1203875143463981056
537061672
2276925715
1197927911778607105
1201138057216503808
1053969680686301184
269788776
1158829799969886208
1033892691896135680
1081783177478373377
731311835656421376
1204404370311434242
834769943040229376
952982737908101120
1203046058089205760
1055215820790472705
1041132300916977668
1200528344175054848
951843907079467008
1188647112080269312
711905644362776577
1187463267972550658
1197833559073050625
810861824094650368
836827051139137536
782725922776576000
1196000598212194304
1166360440470953984
1140237684906045442
1194965849238654976
1194750664141873152
1115808808683675649
1000450434543374337
68845734
1192128316481974272
1192184937182646272
1178451514492358657
1116853460736053249
884886581315874816
1189712025657729024
734143675400368129
1148275428353855488
941068363274620929
940039564734767104
1185679570760060929
1030409518633680896
1175434327875837953
1150995623866490880
1147506639366426624
1184507442379612160
119177171
1116771559060967424
1012100065538854912
2269157832
801100887846514688
2921763207
850936459557261312
942571670035890176
1055842736543358976
802674412646502400
1149380151010050050
1050570168974368768
917594189789126656
1008852977124368384
1177244039491543040
794622778397884417
1158748331868401664
1042196279374295041
1176217024072208384
767144315684610048
1104134211995348994
788238293179764737
1174155553284730880
1165419611904454656
1171451376955580418
891179596837736448
950609395733467136
854785482
1170766048720805889
123402487
3921325413
4355253863
3756652283
3111250889
1166038458076409856
702333700906852353
1070120527828799488
1165229867471974401
1029713374974812160
1162705012692344838
47658227
1163249584119959552
1149365725343232000
877924501283119104
1132290652816007169
945811551390445568
3580716263
766057705392005126
1061386459519877122
251629380
3496266383
1159619930343559169
116434023
979420554963902470
1156786478451712000
1156218512261734400
1157507411030269952
1094036815076577282
1112780889451347973
1023381682576154625
859218767867506688
1085444876316098560
1101601903421636608
978410269998223361
1156573603812524039
700488925996044288
1156718955639312384
1067905030978760704
1148227521701404672
744536809380646912
1126929840484048897
1088867932371857410
1120845349202157568
1125589262647398400
1154593622626570240
725349306715267072
1153314037830160386
710172142592196610
741827734222065665
710223892552544257
721092286046728193
1010958844904853504
1150468072790269952
1150447366052425729
852024382482333704
762009946242383872
1103482085455609856
1146910194267492353
3310188196
1149262176210817024
817858743731949569
2730750214
1120479455229689856
968669875186163712
951977402816753664
1142495113987461121
922788706666405893
1143142804564189184
3310954495
3302342061
898535783900094465
1142173942188335105
1087893683129720832
1022643274773946368
797525720373358592
3395079915
3707701575
1057660853808496641
1094451467203821569
1094650918316986368
1115430062965317633
844881159767162880
993289515639943168
831158467067052032
937873706872909825
1133029215257923584
1123797798862958593
971503375295635458
1017417535132557312
830997849672409088
1110931442308206593
555440889
1073403246562209793
4106415688
734052976730484738
346046158
329337556
885629317383933952
1107287860032520192
989607055131594752
1124012165801893888
1123617499814166535
907408981802541056
1101298558261739523
1107450330051153920
897097898890076161
938173624007217153
1037888376832188416
1039314075665215490
1119793865647697920
2210554663
847197392705400832
912141705192906752
596007163
898636482885431297
1634148068
2965539970
3834534587
477505772
809590037092462593
2274132460
1008717067388964865
825709910885277697
1115446486400229376
719020604452663296
752690175059169280
547140103
884443714571165696
824916571705446400
1113119849708994560
954128599711395842
1048692348291612680
1083126128745820160
1110988301866074112
1086789395200512001
708671230
759260790083944448
2228453911
3961525817
1100160710242385920
749787258878849025
3241938125
877283688895197186
2418974603
365126400
989870154984062981
981672344488996865
2279374428
1105212736349396992
1007427883495813125
808322108052951040
967437825347112961
950906306365394944
1046901019920273408
1104545750485209088
1103754463972638720
1065668118339567616
779303126885163009
879207343090802688
973323601289121792
1102026575065812994
924281271651569664
1045418266221531136
3865294096
887764165556924417
936728869746413568
168382980
879904182043635713
1011086363712770048
1097966023523872769
2835650498
349164102
875875903594799104
1029902023431544832
2409610566
1096895532553912320
4785128974
1095655083520548864
1083189095692668928
1093951607732084736
813950410138484736
846981000571867136
1043334043255881730
828115341637214208
704043578377560064
1086637967677014018
1078436827172925440
1026704122475634688
800857038456782849
356448452
721889745215832065
1045438508893184000
2271706543
899387850432675840
855334430767841281
955298621775384577
170900728
937872079629836288
1072627164774846465
1072245336561860608
772972740420702209
1066323011576434688
1062855305523093504
907059929789452288
548215056
1042075680132014080
1064259475857653760
883856792605863938
866421027194232834
901112187611209728
373390304
1060989273703436289
1024426322125307904
889301868136062976
735239565066244096
762459676462100480
1015309719404244994
751901235591208960
1020137076375851008
837752918308683776
1027597949705101319
1038931044379049984
1048761522497966080
765693241496838144
1924514052
1971582259
173609310
3566132487
773706171064737794
1056715094376235008
888372365754806273
1056686868249616384
1031894506331824128
841832679146438656
298638618
1053854383627218944
4870923189
1040275485480181761
1025447863382433792
2979089523
917868679307710465
4855980183
730825279380262914
1052705511274110981
1036350907850678272
4508576729
832032010738753536
758063103225495553
723936698208534529
992543720825348097
937121318411079680
990327921322659840
1046083650121605121
2951318181
446511187
972206038832250881
1030081292807929858
734474455255273472
1036723115680772097
1028388258831585282
2670352880
811735845887758340
951567217359015937
4701590693
878041517088223232
914970499045892096
1036706454701568001
1005453782401126406
764183330543861760
932343335892783104
3670236563
403013509
4917087513
1032317805348179974
993291819558621185
883857162409308161
