910407656
1070817568187957250
1252111716315475968
3332028149
1147506151422078978
961804072968888321
4700433616
1005876094225059840
713407681
1200617208218603520
3936135029
1117982610284777472
960866679940108288
986052181135675393
1072967233
1129806371636035584
869375218682400772
1221997384068190208
429447273
332328948
324462939
1237186852098125824
241972029
941434776136900610
2472643652
1242965105681346560
305175287
830997849672409088
1242264102711382016
1169449486621585410
1110651450177269761
1017417535132557312
749802741506121728
1216884637185777664
4906692118
989870154984062981
1122699173466443776
757987723357683712
1229302611154743296
1202937171591741441
4855980183
1240381749575680003
824799422160723970
1157039522024165376
1073403246562209793
337496579
1231045887641735168
1239597238147584003
1136748996595257344
1236654261318098945
906994323161526273
1233308888818241537
940039564734767104
737189195622547456
1233474497791086596
157385776
1148275428353855488
1119848797310476288
2238347803
4135536622
1234268415524769794
1183487600230850561
937327755712135168
1181951054331678721
853196034
3411021999
1082578992794951680
1223429652468895749
800857038456782849
1226037534809042944
1221882152897458176
336888695
481613413
1034400204290711552
4865677275
1229741560251678720
1231956025479245825
928328059291340803
1229196233325137925
1221279419123347456
898985378018983936
926985373904986112
3820557148
240664550
1228192652878729218
1198354673129930755
2536322743
1121236062188253185
1151210412437884934
1134622250039205889
934169566854426627
1219004295338766338
1016057014580105225
1217906304326479879
1029207424924835840
1121057805132271617
1141421303221673984
1161472168506662913
937121318411079680
976691142912872449
1225448709967753216
2483016895
1110350722414116866
1167429816884350976
1224811093769572353
1198263173016694787
1106742041902497792
906986914150076418
1157456928
1043137460497199104
758887594268602369
714613748888166400
2552745975
766057705392005126
1219088611330744320
1050058468810469376
885350804
540390013
1155654565687111680
1215433488284950528
1213568682644799489
1095445216927072256
303002760
916433665189662721
4820064965
979553322997706758
1215786454103838720
936728869746413568
1220852578436644864
866385765240123393
1037136312321679360
1194214533734252544
1029902023431544832
990008320202330112
1180983843513389058
823226482822627329
719020604452663296
343439213
1041132300916977668
1199746040699785221
4616934983
730825279380262914
868097415068438529
765693241496838144
1219330021946470400
950609395733467136
811673614600798208
1218310402678968324
990327921322659840
1166360440470953984
1148754838517428224
737076912112160768
314126686
883081865988628480
764870108250529792
3669056476
3241938125
751901235591208960
960014946233929728
741459744741789696
2466390535
932566772972249088
1015235629368692737
965717560636395522
2539999211
821452098487390208
705458058449784832
1010017075673223168
1214694304247173121
1214602109733232641
835241370713526273
778401969564246016
318561251
1124012165801893888
1199386107487621120
909054523074805765
1010021107456282625
1212756091559235584
1171583543752966144
1153037059256463360
731103367007735809
1148047853945872385
1211997888391208960
1104134211995348994
914319367428542464
2176252885
1195919420801114114
1081783177478373377
531609414
993291819558621185
777016530957701121
751579602573746176
3394363587
1175966945256120320
774843436906254336
1022885790492372993
760617375553228800
730940995127250944
356448452
757242709253955584
1387690028
1208455462141779968
754534702418198528
1539642542
846981000571867136
740596827339247616
1000450434543374337
911629165555744770
892410690920755200
2921763207
1122726339038056448
744301955544125440
1209136191808950273
1045418266221531136
1932338682
1699950121
917868679307710465
2279059176
759260790083944448
1247434692
841814774417625088
518086486
2968426253
3227024423
1051112180
713856919186882560
1028482623855882240
1200597138297761795
792019400320753665
1187471425684115456
989985334246215680
1226448330
1117605923663560708
1085772340452122624
445067792
999830822713741313
895408157442355200
744536809380646912
1051175811322179585
1158761562821337089
1066510058702471169
1013186592247353345
809167078494240771
1084072109834489856
1207232512751214592
1173425622586134528
1078034867487756291
1145000541807894528
1199000972019806208
1067777807886049280
2270328115
1027597949705101319
3834534587
3403015793
727189264451162112
877924501283119104
1022885188999753728
978410269998223361
2871522196
1049003077758537731
841832679146438656
446511187
988598590670032896
4821799733
1154299349616250881
1081274585365037057
782725922776576000
2211651642
1146178121445650432
902934528087511040
1023785336286183425
1103482085455609856
950906306365394944
1012100065538854912
1126929840484048897
787964673333288960
736959494945689600
1096982161729732608
1028031227201302529
918201369236049921
918001740196261888
975086317875933184
908474903350923265
1060989273703436289
600538326
3395079915
942571670035890176
1019119903989747712
959452321095802880
1170766048720805889
1147506639366426624
867590117459931137
1085444876316098560
1138936822141280257
771298477108256769
981672344488996865
877283688895197186
1131698916926349313
2950566237
761588969821892608
1101601903421636608
1158474503246233601
1111383494918316032
887707543434387457
747208305811001344
1011603251811241985
747912187482677249
1088130424671485955
941068363274620929
857983018853691392
1143184354685964288
720520939
953229295958265856
1158394329595031552
1137522137386889217
1046333479821217792
1132503775824961538
1114886986546991104
2920625397
1115198235377897474
1117870463596879872
1127745535753035777
1132369454048960513
1053913817028136961
1132352991128903681
1129328499599249408
1049001562964733952
1122631283463655424
880615887442726913
2655518275
1087776590463975425
1011053901251010562
781367445684686848
1063968986419712000
985910060223213568
1082358261158940674
1082016340641284099
888293406492905473
1025862920822042624
1074881709143924737
1068322924199903233
996385653947551744
1021827741073788928
987113334280458240
872696952109932544
1063204345272066048
1063916104307929089
1020565118759915521
1049723564906176514
1051142360267149312
1043964891533594625
937884178229710848
1008504648586625024
1026953634460917765
1038445169408978945
