724040463204888577
1204918011074887680
1200597138297761795
235519679
3031145943
1251357236384890886
2772139257
2698636460
3241938125
1107683858458251264
1696991059
841832679146438656
1235697377387974656
1246562961096835082
981672344488996865
152462302
1242478167782092800
1081644890847612928
3038996753
1238218533571616769
360203500
1173245232906932225
989515708735377408
1184393018847170560
2725806509
1221170691451641857
770775970370490368
1183925543953207296
1095495613570007040
1234268415524769794
1232919211967700992
311696854
841951486636621824
879207343090802688
1222966355688927232
1227191325109313536
1629289147
1214334657677934598
1001421457925263361
1055453475331588097
1213603492096438272
2980284165
821200171501547520
1205182923588227074
1224169903009271808
1029066743518515200
1028056709707771905
1215738029094076418
142402551
991115175376891904
1184923806575611904
1036766287131758592
3161195056
4846398100
1158865697390379008
1118722955729674240
1130971383524134913
1193634811761627136
1213612822426337280
2278210770
882873422786768896
1204736586094727168
919013561543905280
3111250889
1062748656573579264
242967720
746145570205622272
941068363274620929
888234707611246594
1205971507983396865
1207232512751214592
1097004774099218433
886284741535838208
983913377637584896
760831798926532608
756312805641482240
1160908672723226624
1103022416580804609
1199000972019806208
1204908115281530881
715258070
196690124
1158829799969886208
1095445216927072256
1168574337252823043
1202177173488058368
1200136819024764928
1095912805117644800
1063862473047121921
1143500233273434112
1189713574345793536
1197927911778607105
1186419366914641920
4906692118
1194699619311214592
4866981885
1141487047611469824
1063375630774018048
1191772869149253637
968454409465290753
1085444876316098560
732032332601958400
1160655329409019904
708671230
925678689915953152
1175509025615597568
443369826
708500054626144261
1175811351127703554
1449914695
3395079915
1177757277014695946
3176835357
1147506639366426624
1112838062286008323
871535546044223488
1027906026715144192
1100194310430052353
1631777485
1109093683624923138
1015902495653146624
893860629471277064
163195964
1122113742072963074
4898187935
987423428910166016
933385391557791745
1053068638499102720
1180104743294775297
216147053
107036451
1120084711949336576
950906306365394944
3212132463
1881001519
1099714232784949251
389734306
1133152788425396224
461654047
742817032517881856
1172898913365430272
751086148777283584
909054523074805765
984125582102458375
1170766048720805889
1013623773877211137
1053854383627218944
1169386595235041280
1169048331995234305
248365480
558149012
1102078094
739965133951229952
794276471422517248
885153230904340481
1015995641175117824
2577298819
843281918011629570
445141751
1087693990546296832
1161250956417404928
937121318411079680
1101601903421636608
1517917232
1542400573
1156269008234131458
1073374027576676352
51511508
1134561106821885952
1155610341939863552
129977270
767415036994326528
3426763834
937872079629836288
1127057219235844097
1134248419852242945
1110931442308206593
1149764088186249216
1148188634593583104
3472295361
1144006515923324935
1123797798862958593
1025062407947931648
935304997088251904
922629677042360320
1081783177478373377
321793993
403433488
1117605923663560708
1138987027695845376
1103465899024150531
2446174844
1137905250877267973
968669875186163712
3170014989
1083189095692668928
959452321095802880
3394957984
1692152155
914970499045892096
1036775449068744705
1125569468044910592
975086317875933184
1032006900362166272
1003823067137740810
1105212736349396992
808147846612602880
790407601926340608
1113968119217827840
2611980665
2758930169
1070817568187957250
989870154984062981
1118946764063682566
866777838816505858
173609310
804708793
2670352880
900491373538889729
862853686741139457
744390270079406082
808322108052951040
758063103225495553
932566772972249088
1104204996948754433
2436361179
1055842736543358976
1116422594075463681
1023408092187451392
1002631490637828107
758337541120614400
152792156
1115430062965317633
2270328115
1113851156118343680
3065490257
1070114361623101440
3961525817
941137748269981697
1105950675073204224
2730750214
751901235591208960
1090402669586468866
820541178
1083126128745820160
3359386287
3296854998
725349306715267072
712783135574999040
764870108250529792
578034467
926627503267090432
1102634303949803521
1034400204290711552
1093682314788433920
4035946678
2497387947
4127828129
1103754463972638720
727566987908501504
771767012
902934528087511040
801100887846514688
1001854524951351297
925881479888031745
969302356780371969
779303126885163009
959217660033675270
303002760
446511187
1067808528000258048
3319164947
885180365786292224
818940622946127874
1012100065538854912
995768315451707392
966059938513637377
980998674561032192
522838993
1081978417946521600
247545024
1030177137561624576
1030081292807929858
996507401460346881
932375915211960321
1087773175298093057
456113314
340920763
385718846
1086289682013528066
958012267441872896
1085733866323828736
2879723088
373390304
632542632
846125796867629059
903406933360685057
548215056
951567217359015937
930852158941122560
3125345297
816210641992249344
1073403246562209793
960014946233929728
969546485271613445
1009226610783019008
445067792
243468688
170900728
1039316961375735814
981000513679429632
956699111255887872
314897315
774240652813070336
989607055131594752
899387850432675840
1004910678958837761
4027573101
2334892588
2736750357
711905644362776577
732759403317841920
315213022
1641516319
3795069496
742139241942163456
1065687184345321472
800857038456782849
