1254851193236529152
1253715528922914816
2752814967
1253104992023650304
1210279456612503559
1250978676520386560
838096218509172736
2322526243
1026980690812968960
1132029952830922753
1020297047285665793
1228789275501715456
1247435261673439232
3846563122
1121070039526989824
1015308022158159873
1186857395697442816
1022997413211058176
1246284903815229442
1243634289226461188
955857913955962882
1234466386346377219
3023599744
1087127408875048960
1103482085455609856
966080191771627521
1187859330793693184
1161108836746432512
1125829966552338434
1216409925011877889
1157506206702944257
1138975887490240513
1065551333363777536
1201181605559177222
1212892558562455552
1009248946055798784
1125830721652908033
1063949644655411205
1201597374927429638
1151519213074419712
2911894233
317371434
954852132947185664
1219088611330744320
2925388246
1075038009500819457
1234525983757217792
1228167103837954055
387831595
1215756075108093953
1148227521701404672
1184575679519698945
942571670035890176
1231423240117084160
764870108250529792
1029207424924835840
1124402903656140803
706274250894807040
2904399814
1231352056704884738
1228866972370243585
1086789395200512001
792019400320753665
758387182272905221
1228543912756891648
867184037785456640
1228169868869943296
1194650568893124613
989881399854452736
1170766048720805889
1121236062188253185
757959631264223232
4476343468
1053093272715956230
1206314861803835394
1206614085946789888
3668475137
724571995
1191747271970508801
807955762848944129
942181676792406019
2238347803
3932097081
1016819069348130816
1197521887045324802
1165273558358138880
913198843474399232
792850534021693440
1217864127420555276
1010017075673223168
173609310
1219748699145936896
726812132843638786
1615769916
1204217705835958278
344921682
1019379809623912448
716418772073058304
1040824849579614208
1181951054331678721
1214246856261132293
794686074
1037888376832188416
1157507411030269952
1375604510
1173621811990409216
1134778985764794370
1211040459734171649
1038838234829283328
1052705511274110981
1208589911638585344
1085772340452122624
1140237684906045442
1088867932371857410
1199000972019806208
841832679146438656
942931880097320960
1082058789430456322
732964647368818688
824799422160723970
1037880613565603840
1022885188999753728
1093303687525646336
1198026620667408385
4229255871
1002631490637828107
880221228346347520
834043927317639168
1192128316481974272
1194965849238654976
887764165556924417
4852501161
935334567745073152
1034989432720564232
1117970611173773312
987401940035362816
898663393388900353
76765629
1179228796291108864
950609395733467136
497114969
1040275485480181761
1175434327875837953
752690175059169280
928308938600271872
792079372366843904
951567217359015937
1163249584119959552
955298621775384577
1066133008405676032
3339413597
951190954018566144
917557728243003392
898942840255922178
710244204870569984
1004910678958837761
4496022075
1113964792899952641
1029042177538699264
1169329375499735041
1003823067137740810
875875903594799104
2279059176
727329391877959680
2809379373
1057082396997283840
903667409407672320
898886519020302336
429549181
3820557148
736997503128735744
940039564734767104
1169386595235041280
766403706665496580
1015235629368692737
1126463217323192321
980634037604835329
116434023
4701590693
1100479333452447745
3395079915
1101601903421636608
905437392328425473
781530613543235585
996930248947240961
1154493941804351488
1144621031665143809
736959494945689600
960866679940108288
907408981802541056
773706171064737794
952982737908101120
1696991059
900624869037150209
1156573603812524039
1101833780644454401
1117982610284777472
816441222785073152
3915125902
1008852977124368384
1151599262473621506
918691578440323074
2466390535
1151210412437884934
741827734222065665
1150157900771471363
989870154984062981
1067905030978760704
832032010738753536
1105173109852827648
1149262176210817024
1150468072790269952
1150447366052425729
1124012165801893888
1150243082539032576
1025163112952020995
1010354795662725120
1146910194267492353
1100521470458060800
782778858697289728
4906692118
1006293068268691457
555440889
1032006900362166272
1053854383627218944
1022643274773946368
1122726339038056448
1037323267504320513
1123797798862958593
811735845887758340
1065668118339567616
1096895532553912320
1036723115680772097
1117975966389800960
3310954495
1048692348291612680
1141468348875776001
761588969821892608
1134301344532238336
2871522196
828710519464984576
937873706872909825
2911813894
764183330543861760
1061958673919066117
1022878699895570432
772093740605403137
2868026092
707345328593309696
1094451467203821569
837752918308683776
1053017140050231296
937121318411079680
883856792605863938
1111060823420604418
1081783177478373377
1083189095692668928
1115092797823037441
936728869746413568
1039314075665215490
744536809380646912
879904182043635713
2730750214
1083908696932057094
1130697391366131712
1087893683129720832
777304985117786112
1064655615807639552
1125759702581825537
967437825347112961
1116771559060967424
1022885790492372993
1043282540826697728
909512653298700289
1044354426218131456
1036706454701568001
1047701656304062469
979553322997706758
935304997088251904
744390270079406082
1096982161729732608
877283688895197186
765693241496838144
1031894506331824128
968669875186163712
714629045208629250
857679915000451073
809934140334280704
4508576729
779812427403755520
760552204298285056
912141705192906752
2813978379
960353300238479360
700488925996044288
1126929840484048897
771860619293253632
1023055836900454401
1123327998143422470
3566132487
1081430220
752640351463149569
1126692842485633024
992543720825348097
918001740196261888
1081735022397321216
1120479455229689856
850936459557261312
990327921322659840
1052709092622573573
866421027194232834
960014946233929728
914970499045892096
936618659270856704
1115446486400229376
1005876094225059840
930852158941122560
809559141626900480
1892083944
3302342061
1010958844904853504
836827051139137536
1045418266221531136
2965539970
4870923189
922788706666405893
1105212736349396992
1110988301866074112
3000641686
953286338123583488
1079878925659062273
924281271651569664
3145358782
2979089523
978410269998223361
1107450330051153920
859906041521336320
830783193410314245
1094650918316986368
884604760401354752
1072245336561860608
2848598104
1025447863382433792
1070114361623101440
734899936425312256
3670236563
1092520689201020929
1104545750485209088
995331505068105728
1072627164774846465
888372365754806273
1067777807886049280
1030081292807929858
1072260306636861442
1066323011576434688
1103754463972638720
910655362285613056
767144315684610048
3834534587
1086637967677014018
4917087513
1036732936501035008
932343335892783104
1062855305523093504
973323601289121792
725057885370195968
891179596837736448
1924514052
1034400204290711552
758063103225495553
780895563051073537
3319164947
846981000571867136
760628608633298945
2670352880
767415036994326528
742547824244588544
721092286046728193
3137129929
1044748640751939585
708671230
883857162409308161
989607055131594752
721889745215832065
1036640944559407104
889291290541793280
725349306715267072
993291819558621185
972206038832250881
884886581315874816
1023373294186242048
878041517088223232
2334892588
841951486636621824
4127828129
817858743731949569
2210554663
1045438508893184000
1005453782401126406
855334430767841281
3411021999
907059929789452288
779303126885163009
950906306365394944
981672344488996865
983474975922360320
1031888841953759232
877924501283119104
