1020453578295693315
1150603198585036802
1160006020871184384
1085149063
1253162683593109504
1067905030978760704
1089338045785083908
1249922248854601728
1209831170290208768
1250052620900843522
778401969564246016
303002760
1171583543752966144
751579602573746176
1197659400724455424
1155654565687111680
1242570326644609024
1932338682
1129098702298243072
1251357236384890886
1250935556344864771
1063949644655411205
1158367899108683776
1050570168974368768
1237186852098125824
1245514713754189838
867184037785456640
2662126041
1215285881352966144
976612966513733633
1133594755101790208
3311573254
1053037692655677440
1000454029586165760
825486773186859008
1158449776368791552
1244421213667106817
1244849769521876992
1127584253544423424
1243724428996943873
1144952064033873920
1199746040699785221
2730750214
1067239020806238208
1243440609081397250
1230212881381298181
1243284945205895170
2698636460
1243314645898846209
1242965105681346560
2992601410
4880195991
340920763
1169048331995234305
1007966774351065088
1083189095692668928
1573555824
1159895121783074816
1218960369936490499
1241525553120804872
1138928627544993794
1024803059426385920
4870641658
1204404370311434242
1240752572404727810
3395079915
981177587924905984
1231423240117084160
1229902826073206784
1187859330793693184
1239924859121152000
1150449299785953282
1148047853945872385
877331708760137728
1238201111925964816
1236471978279780353
1208162900407402497
1201181605559177222
1237482930836045826
1237120527749255170
1237060099581018112
968669875186163712
1215410859050196994
1236654261318098945
1229247925114605569
1235314979835965440
1235303527863459849
1131708066989322240
1234466386346377219
1234268415524769794
1220913573444116480
1219004295338766338
952982737908101120
1226037534809042944
1232919211967700992
1232744709707247616
917868679307710465
1232409057509748736
1232017282433503232
1210961131021291520
2653515393
1231370712960634886
1231045887641735168
1185719060652347392
4098909021
1230329724666294273
1219437914616213506
1228701329369030657
1221279419123347456
1229741560251678720
847197392705400832
1229196233325137925
1012334006107557888
1228827909453905921
923297881548877825
1219330021946470400
1212772596900478977
1228543912756891648
1228192652878729218
1696991059
1228169868869943296
1227238858548334592
1161472168506662913
2539999211
1226019508755800065
1217254893318299648
445067792
824799422160723970
877924501283119104
1226611384139616257
1224534603114930177
985983743025401857
1225649504981942272
1225441495798493184
800883705355141120
1494497101
1224169903009271808
757242709253955584
1223753878149222402
1222978930417770497
758887594268602369
1222602500395667457
1186364313654747137
1219748699145936896
1221914180854394880
1126692842485633024
1219832351066378241
1157002258816610304
1145000541807894528
1220911480977096704
774679184
1220852578436644864
848241229116698624
1217877996847222784
1194077571182473216
934479544488251392
1219478193423429632
1218728409519529984
989870154984062981
1193634811761627136
1214996318835421185
1167502982067474432
1013144262412730373
1107248245867233280
918201369236049921
1121057805132271617
1375604510
1216884637185777664
1176825076064432128
1173014600654249984
1216195048376872961
2670352880
931226393987428352
1211457407869579266
1067777807886049280
1215286321209597953
1209136191808950273
1187938834769727488
1214602109733232641
1214399791733579778
1214246856261132293
1140237684906045442
1213130316677668864
1047701656304062469
1107450330051153920
1041132300916977668
1211040459734171649
1086289682013528066
1199831879186362368
1052705511274110981
1022878699895570432
1195919420801114114
1004910678958837761
1204918011074887680
993278291908943877
858449534573314048
1699950121
1205865675954229248
1116771559060967424
1208577810652106756
899456167386152961
1204154093729652736
1142173942188335105
1207232512751214592
1168881671082586114
1204560394964086784
1137368475423444992
1203875143463981056
972206038832250881
1142940599772942336
798545429298290688
1204054509032542208
1076987160002265088
1194214533734252544
1199386107487621120
167779654
1200528344175054848
2758924739
907805258432368640
1050545194930720771
1175811351127703554
1199724497601007617
1013186592247353345
1077013853798567936
1188647112080269312
1158865697390379008
1198112678281121793
810861824094650368
782725922776576000
1197520308430868481
1197259976231858176
951567217359015937
1094451467203821569
1008852977124368384
1191014314037202945
1115808808683675649
2270328115
1173448294913204225
1043250807678939136
1191772869149253637
941068363274620929
1147506639366426624
1167429816884350976
1180303429584994304
1124402903656140803
1111026042158886915
1136800320321970176
1185679570760060929
917557728243003392
782778858697289728
751901235591208960
1186523811497295872
1143501233526849536
1183808320072814594
4882987293
1013097724693098496
981672344488996865
1052709092622573573
1182858623090855941
3403015793
929905225795821568
1175175076456669184
914970499045892096
1122113742072963074
1135058029064478720
1180235206709710855
1180104743294775297
497114969
4906692118
2871522196
1170868718953553921
1178451514492358657
1029042177538699264
924281271651569664
942571670035890176
950609395733467136
1151630194626760707
746145570205622272
1172694972958728192
1172515313876918272
1143701597027000320
960866679940108288
1170558009849892864
1123327998143422470
1152286356141412352
1170766048720805889
129977270
875866438074028032
790327941402128384
4355253863
1166528925624877058
928308938600271872
1026134244261851137
1149262176210817024
1164750981088731136
3357977073
888234707611246594
986052181135675393
712783135574999040
1161481699760508932
1621923211
2211651642
719020604452663296
1123797798862958593
1163652513922506752
918691578440323074
1080172444927909891
1073374027576676352
884604760401354752
1105173109852827648
1126463217323192321
809590037092462593
1161250956417404928
744536809380646912
749976553409351682
1134561106821885952
1101601903421636608
2897344143
1118683050366373888
1024426322125307904
1039487064721575936
723255054300536832
3411021999
1510922419
979420554963902470
4913381080
2279374428
921141354872401925
2466390535
1121236062188253185
992543720825348097
1069978825939931137
1011451879933534213
2848598104
1152410423267942400
1092253110628765696
1142958695468470273
1078080012371349504
2921763207
741459744741789696
1150546509420736513
1054524738406703105
4041173291
1083491545314197506
1149764088186249216
965693073039740928
953632970883166209
1138975887490240513
909512653298700289
1148188634593583104
1147937989840035841
932343335892783104
715292196287721472
930852158941122560
1053854383627218944
4229255871
3434274453
883081865988628480
1144249598313213953
937121318411079680
1131572214573223936
832032010738753536
1124012165801893888
1141487047611469824
830783193410314245
1144006515923324935
1039314075665215490
950906306365394944
1028388258831585282
863201862782156801
1015235629368692737
841832679146438656
1072153061370540038
760617375553228800
3834534587
932566772972249088
1085733866323828736
773706171064737794
1139363824509825024
708500054626144261
1139143121630060545
1138987027695845376
975086317875933184
1137905250877267973
1069756318246977537
1137163742662279168
1136336600244412416
1025062407947931648
1135646583616409600
984125582102458375
922629677042360320
1134622250039205889
1038931044379049984
1002781605017112576
3332028149
790407601926340608
1014552232266739712
821187749130698752
925881479888031745
1023381682576154625
1034400204290711552
959452321095802880
1081783177478373377
1063862473047121921
1022997413211058176
955298621775384577
1103482085455609856
2909496593
1073403246562209793
879207343090802688
1003823067137740810
1030081292807929858
708671230
725349306715267072
955542563850784768
878041517088223232
752690175059169280
1103465899024150531
911451874611666944
3820557148
792019400320753665
1105212736349396992
926627503267090432
356448452
3669056476
3228352221
742139241942163456
794686074
1023055836900454401
989607055131594752
1052679333565743105
766057705392005126
966059938513637377
2418974603
960014946233929728
1002631490637828107
936618659270856704
764870108250529792
1117605923663560708
983474975922360320
261917386
969030041697964032
1022885790492372993
4895686976
790420627215843328
778879860
1115645486323486721
987401940035362816
1001854524951351297
3125345297
1012100065538854912
1068838608763785216
771298477108256769
800857038456782849
1025163112952020995
903667409407672320
