1252281526437502979
1197659400724455424
1253356579967176709
940416289
712783135574999040
1072260306636861442
1104545750485209088
879207343090802688
1253074092225376258
1199897539325186048
1244860748507078658
2848598104
906195444224622595
1013186592247353345
1158404199367008256
1007966774351065088
1251179620424134658
1250244128337772544
1129098702298243072
879904182043635713
1251359357331214341
1229247925114605569
1131708066989322240
1250927628825001986
1250052620900843522
1087127408875048960
1250978676520386560
955977280144199680
1219437914616213506
1064714595850510342
1250676520672202752
1152423368395763712
1221997384068190208
1109587760430702592
1158367899108683776
788110132408451072
1250211939386605568
1250132644001693696
1248712537375412224
1249752014445314050
1121180290909708294
1245137362830712841
1058853566788632576
1028046236165779456
170900728
1128833729839943681
1702700618
961101024021942272
1217774817459478528
1971582259
1248983793295405058
1227243320012767234
1248451540618076160
1247725770795081729
730825279380262914
2238347803
1070059813126766593
1232017282433503232
3311573254
1045438508893184000
1247753487636516865
840450924
4536131055
1247435261673439232
1226833903304036353
908474903350923265
1237186852098125824
1246115474657742850
816210641992249344
1245514713754189838
1110996754793746435
1053037692655677440
3023599744
818894504887459841
825486773186859008
1131572214573223936
1244421213667106817
1244849769521876992
164678250
917580226183467008
1240434170062671873
1099896722816462849
1161018570916159488
1244047301536030726
1244005392612458500
1067239020806238208
1243553633108725765
1022997413211058176
1230212881381298181
1242417355088695302
1219004295338766338
1217864127420555276
866385765240123393
1238093616716951552
929164026046754816
910407656
1201181605559177222
1194067210987327488
1218960369936490499
1236116225614385153
918001740196261888
1240943189659435008
1241776860570189824
1204404370311434242
751901235591208960
1216202256569262081
1021578187640373248
1240381749575680003
1240479703884070912
981177587924905984
229311810
1545509534
991138695498616832
1229902826073206784
1239924859121152000
3915125902
1184273441001746434
1219651297370165249
1208162900407402497
1034275523567013888
465632422
872937252019687425
967175041053069312
1236654261318098945
724571995
1236339294274564097
1057082396997283840
1235329112799145985
4127828129
2951318181
1034400204290711552
1197221425649790976
1232505431802642432
1234268415524769794
1217906304326479879
1231367724762357761
2992601410
1220913573444116480
1232459947126001665
848639795790311424
1203271913264623619
1232410737194209285
746145570205622272
764183330543861760
816441222785073152
1105593780508508167
1167429816884350976
1226037534809042944
1232409057509748736
2689024176
1228352036355420165
1231770121905025027
1210961131021291520
1231635701508210690
750459364956336128
1170868718953553921
1231352056704884738
1215867916039720960
1231213334814502918
929905225795821568
1072153061370540038
1230653733794652161
1230329724666294273
1199169306803744768
916433665189662721
1168326916883058688
1229196233325137925
880221228346347520
1147972899309019137
1229877775647027201
1229741560251678720
2225758974
1228167103837954055
1228701329369030657
1228886010295091200
807955762848944129
1228543912756891648
1169449486621585410
1228192652878729218
1228499772316798976
1193186226616119296
792850534021693440
1228169868869943296
1054745097374498818
1227238858548334592
1161472168506662913
1227407832024330241
1932338682
1215756075108093953
1181951054331678721
1227207077522702336
1227040955389403137
1198354673129930755
1226611384139616257
1134622250039205889
1110988301866074112
1225649504981942272
1225572686539218944
1178280725587660807
1195365020290494464
1223413152806731776
1224660161106776067
1224169903009271808
888441533103570946
3795069496
114049687
1199746040699785221
1222978930417770497
863214864621350917
1017417535132557312
1222902076964913154
758887594268602369
1222602500395667457
737189195622547456
1213568682644799489
934981822907338753
1182633314
928328059291340803
2985011854
1222253000447746049
1221279419123347456
1033892691896135680
774679184
1135679763480272896
1220017613239091204
866421027194232834
1094036815076577282
1052705511274110981
79510918
1219748699145936896
965693073039740928
4098909021
1135291747867795456
1373872562
1219489194936016896
1219478193423429632
1219330021946470400
1219088611330744320
1211841617264398336
1217769550294540288
1219062955343519745
1219035414796951553
1218902707525820417
1022878699895570432
1211076006250856448
1214996318835421185
1226448330
1187471425684115456
1013144262412730373
168382980
1154493941804351488
894252786845712386
1216883816331124737
1216908345577222144
725349306715267072
1216884637185777664
445067792
1178672369856057345
887764165556924417
1216195048376872961
148401707
1211457407869579266
1215286321209597953
1215283874223312897
1089338045785083908
2616540199
1214602109733232641
1214298073490317312
1213612822426337280
1214223367852544000
1213538703143866368
1213130316677668864
910568066978865157
1211957630224101376
1212137744362696705
1205044643420889091
1209831170290208768
4188139511
1195919420801114114
1183911942391586817
1206380290874204160
1210762853071777793
1133085555628093441
1210290728984829952
1208589911638585344
856275436132761600
1209136191808950273
3015341403
1208577810652106756
1061085927139930117
1199702753246949380
1058847883720568834
954472321498181633
1196809695698309120
1202378248186945536
1199386107487621120
1166522784606015488
1199000972019806208
1172649345973460993
1157506206702944257
1205865675954229248
1198026620667408385
1198427124358627328
1204560394964086784
1193508461776117760
1387690028
2491967726
1203875143463981056
1133594755101790208
1203046058089205760
1025805338665209856
1199173349072613377
1201840774251450374
1196424084407623685
1083533414572195841
1200528344175054848
1055215820790472705
1200136819024764928
1036350907850678272
1198903506662576128
1131884819531665408
1144249598313213953
1199644967502798848
1199537576388038659
1162780920014934017
1199128904574914560
940039564734767104
1199063319438675976
1198625173605367816
2211651642
1094588670869491712
1194840861483421701
1191395262083809282
1195767704403238912
1197833559073050625
1028031227201302529
1191546737174945792
1196828041768570880
988598590670032896
1196000598212194304
1195871388780957696
1164388674307538944
1086255429225799680
1699950121
1194064374404698114
1195302766626955264
1195116789136539650
1194965849238654976
1194750664141873152
1171561174812504065
1194214533734252544
1194251969097084931
1133144717951209472
1048692348291612680
1193670810013241345
1193634811761627136
877283688895197186
1193192576515543040
1191772869149253637
1192587905178451973
935334567745073152
3398189836
1165037932518027264
1192128316481974272
1172677653901578240
1192184937182646272
818940622946127874
715258070
1191749478086258688
1187892806125342720
1191916601194532866
168868739
1135058029064478720
731311835656421376
1112838062286008323
1171583543752966144
1190738124281909250
1117970611173773312
1179921012521160704
1189657339693084674
1189713574345793536
4813966702
398138547
1144006515923324935
925123562251411456
1188698883544756224
1187859330793693184
1150995623866490880
1187316226147733506
1187215259544760320
1178090711306166272
1186857395697442816
1186523811497295872
1163978987993014277
1185943449515769858
1051175811322179585
1185679570760060929
1184180662615584769
1178901019977273345
858461394504646658
1122113742072963074
897608600381730816
1153323770708398083
1023373294186242048
1077013853798567936
936733917230567424
850936459557261312
1181016551950094337
1180983843513389058
1151210412437884934
1149380151010050050
4476343468
1180104743294775297
1175080251787010054
1171528120303636482
1027703962978402305
1178929218228555776
917594189789126656
1014552232266739712
1105570931911610368
757242709253955584
1111900477317410816
798545429298290688
1177709511265656832
1169329375499735041
1177341446057340929
1177383916904296448
1177400837842395137
3403015793
1177247024279949313
727329391877959680
1176288186080870401
4701590693
1029042177538699264
747208305811001344
2990200629
800857038456782849
877924501283119104
1174819889619619840
1174491487553433601
404517994
1120311452240437250
1115808808683675649
1173448294913204225
1043250807678939136
846981000571867136
1163632963562684417
3054143037
1141487047611469824
922629677042360320
876522998089617409
1172694972958728192
1061386459519877122
1172237351294296064
4765963807
967766797901541378
1170767880658542592
1170766048720805889
1066133008405676032
3496266383
1169460137884618752
736997503128735744
964161032884277255
1169386595235041280
992140843145363459
1169048331995234305
1169026774447136773
891179596837736448
1168043603538714624
1061820027140259841
1157002258816610304
1107248245867233280
1153315978161414145
1167997516807323648
1126463217323192321
1167861446996353024
1167214875912937474
1056266052286509057
1151519213074419712
983474975922360320
837752918308683776
918201369236049921
758455894510280708
1145795003203145730
1167056249801924608
1166360440470953984
758922499564240896
1111781792900698114
1148047853945872385
1158865697390379008
1162705012692344838
1084474564434952199
1023381682576154625
1164326877282164736
751579602573746176
804930614558425088
1162803885615960064
1162390589062680576
1158849346089209856
811735845887758340
1158039710851391488
825709910885277697
1003823067137740810
2778408701
1048409845924290560
1118659747224412161
1101626670530859008
1161993622805450752
303482492
1121044230221238279
921990142306476032
706274250894807040
1140998807158697984
76765629
950396874028212224
1134255418769907712
809934140334280704
954852132947185664
881707769568669696
1039487064721575936
1045077984615567360
1018941765485776896
1159763669741375489
1510922419
953316155669741569
1159593963273228288
1125830721652908033
1036706454701568001
1127713977348317184
1054073713048596486
185745992
960866679940108288
1010354795662725120
1151990467447406599
1092522506064482304
852181516302123009
993291819558621185
1036723115680772097
1083908696932057094
766403706665496580
4906692118
1158582797084299266
1158559683956957185
1138610699557642240
1049003077758537731
1094451467203821569
794686074
1149262176210817024
2277194843
885180365786292224
952982737908101120
1179923486
1052338687948787713
932375915211960321
883856792605863938
356448452
1151503251986161666
3379381221
736959494945689600
1157507411030269952
1116771559060967424
1156770067243261952
4355253863
1041132300916977668
1142173942188335105
922788706666405893
1088867932371857410
257677491
1101601903421636608
821187749130698752
1325644706
1147506639366426624
1157170981141667840
723255054300536832
1107450330051153920
921141354872401925
1147506151422078978
937872079629836288
989388868121178119
1132290652816007169
1152397249130971136
716418772073058304
1121236062188253185
825418118
1117467124908396545
1021988196303949825
1859116135
979420554963902470
1154593622626570240
1141436311636762624
888372365754806273
782778858697289728
936728869746413568
809590037092462593
1058773361353023490
67699833
1092253110628765696
823625991717289984
744390270079406082
1072245336561860608
989539252164812805
824799422160723970
1148275428353855488
766057705392005126
758763940264415233
1103465899024150531
1081735022397321216
1070312792400506880
1143659295579529216
1375604510
978107064114434048
1069756318246977537
758063103225495553
741827734222065665
1031894506331824128
1113605709457960960
1010958844904853504
771298477108256769
961198978116222976
830997849672409088
811673614600798208
1028301938088206336
2270328115
1150447366052425729
899456167386152961
3314350473
1124012165801893888
1150243082539032576
1115446486400229376
1149764088186249216
3670236563
817858743731949569
937873706872909825
3291242025
973323601289121792
1140324356154961921
1066323011576434688
1011215229915684864
1148227521701404672
1148188634593583104
1147937989840035841
932343335892783104
1117250776718618631
1146462117589127168
1147247416564994049
1146910194267492353
1085444876316098560
1142506115885912065
1063862473047121921
914970499045892096
1110931442308206593
295987889
1112134233248710657
1116422594075463681
2868026092
1093201782736670731
1102026575065812994
960353300238479360
1081576810192793606
730940995127250944
1118264005380968449
1022643274773946368
1052679333565743105
1068838608763785216
1117975966389800960
1142960725427707905
1142203012326273024
1141490221147709440
1039314075665215490
1141539322660872192
1022885790492372993
1119452128391643138
863201862782156801
990327921322659840
934961784838148096
1141468348875776001
932566772972249088
1138438832653840390
857679915000451073
1138987027695845376
925678689915953152
1103482085455609856
708671230
2911813894
760617375553228800
1138153711170179072
4882519161
1122726339038056448
1002781605017112576
1138975887490240513
1117605923663560708
2871522196
883857162409308161
1060989273703436289
1085733866323828736
2456819094
1136264189964632064
742547824244588544
942931880097320960
1015978421514653696
936618659270856704
903667409407672320
4496022075
1024426322125307904
1133058531572277250
941068363274620929
1134301344532238336
1134561106821885952
752640351463149569
985983743025401857
1001854524951351297
918196379213881346
959452321095802880
1072627164774846465
1062855305523093504
764870108250529792
898942840255922178
3421185748
1025062407947931648
828710519464984576
802674412646502400
1067777807886049280
966059938513637377
1128082573492617216
907059929789452288
915630611930415104
782725922776576000
1036640944559407104
2539999211
2466390535
989870154984062981
1027249255667384322
1037888376832188416
975086317875933184
1081783177478373377
1098954240511348736
1113253405672247296
930852158941122560
958155176359194624
847197392705400832
1114689597332701184
967437825347112961
902934528087511040
2897344143
1002631490637828107
744536809380646912
832032010738753536
1129429389027020801
780943567766380544
1087893683129720832
890407189181059072
2730750214
3125345297
497114969
747850344605032449
3302342061
1067431517280849921
2979089523
905437392328425473
3131496262
732890003756490752
1040275485480181761
1048761522497966080
819942779799425024
1126929840484048897
1125759702581825537
1067905030978760704
732964647368818688
373390304
1053854383627218944
3834534587
1027597949705101319
935304997088251904
3796259962
906986914150076418
958012267441872896
1087706710482055169
960014946233929728
1005453782401126406
4870641658
765693241496838144
2418974603
1030177137561624576
1028388258831585282
3332028149
726812132843638786
992543720825348097
3781703020
3434274453
989607055131594752
951567217359015937
752690175059169280
884886581315874816
1634148068
1069368203208507392
1696991059
792019400320753665
859906041521336320
1008852977124368384
2274132460
3411021999
899309099468431360
846116484187328513
116434023
721092286046728193
859218767867506688
972206038832250881
4616934983
1332756979
895408157442355200
1030081292807929858
834043927317639168
878041517088223232
917868679307710465
980634037604835329
978410269998223361
1005876094225059840
1105212736349396992
1045418266221531136
2921763207
721889745215832065
830783193410314245
767144315684610048
981672344488996865
1010021107456282625
1023055836900454401
950906306365394944
909054523074805765
1047701656304062469
1012100065538854912
968669875186163712
841832679146438656
790407601926340608
955298621775384577
1020453578295693315
882404573566160900
767415036994326528
