1269427827826470913
1188986303439867904
1197266982678224897
1264678094037831683
730825279380262914
924281271651569664
1272633709326405634
1219653887839346688
1270631021273366530
1083533414572195841
1005453782401126406
1269325248262004738
1174891935133130752
1034275523567013888
1268563547958718465
1151295935525376001
1266894762851926016
3211459578
1085712294024306688
959452321095802880
1264718444727078914
1093324735537135616
1053093272715956230
1009248946055798784
1266925569318535169
918201369236049921
707978862983045120
953632970883166209
1265851705553543170
1265789113594261504
3670236563
1253137605643980803
826508103323701252
1261488484755349510
1184393018847170560
1264036322135678983
1120726726697525254
715292196287721472
1264636968815800327
868896123175534595
790658163137613824
1030626236245131265
1156950899018936320
1020297047285665793
1145690035309764609
1262901424620539904
1064714595850510342
1150157900771471363
1036640944559407104
1262156312382758913
1260996063537836034
1229196233325137925
955975961023074304
340920763
834908276538150914
1242570326644609024
2704529427
1249739370703306753
167217989
1200836034365448193
1699950121
3314053187
782792234945110016
1259733463063605250
1057723279119671297
1039893739047735296
4852501161
1097424845007192064
2725806509
700488925996044288
1179123785963843584
887707543434387457
4203712319
757987723357683712
1115092797823037441
1209136191808950273
744390270079406082
1197659400724455424
1253104992023650304
1239257914365415427
1251311667125858305
1157507411030269952
1250978676520386560
3398941085
995447730641174528
1190366348989341696
820018516824911873
1093208565244981252
1188201435240030208
1245224303513264128
1236116225614385153
1028046236165779456
1248983793295405058
1232017282433503232
928041198975111174
1247435261673439232
1246627317050458113
1246472824086302721
1246284903815229442
1245571341530497024
1245124658065805320
1218728409519529984
3351559312
1105667038813609984
966059938513637377
3302342061
1229247925114605569
1220913573444116480
752640351463149569
1238972168320491520
1243314645898846209
1124402903656140803
908474903350923265
1242965105681346560
1197221425649790976
1218960369936490499
1242264102711382016
1195919420801114114
1240860891471634432
1239654818060304385
1234528210852904960
1187859330793693184
1232710863762620417
1116771559060967424
1201992602947653633
1240381749575680003
1175520061521612804
2334892588
1238218533571616769
1229902826073206784
1239924859121152000
1231770121905025027
802674412646502400
1210961131021291520
1238068179403931649
771860619293253632
1220890399667097601
1103482085455609856
1215756075108093953
1133206025413308417
1146462117589127168
1235329112799145985
1211076006250856448
894258667691921408
1216883816331124737
1131708066989322240
759962155647107072
1234268415524769794
993291819558621185
1087127408875048960
1232410737194209285
1211040459734171649
729004530
859906041521336320
1034800200982908928
1045976780132286464
1221279419123347456
1231423240117084160
878041517088223232
1231045887641735168
911629165555744770
1170766048720805889
1219437914616213506
1230329724666294273
1199386107487621120
825000973781196800
807955762848944129
1230179825421365255
1229741560251678720
1201181605559177222
1029207424924835840
2279374428
1228784275241263106
1228543912756891648
885350804
1142203012326273024
2670352880
1148047853945872385
726812132843638786
1038931044379049984
917868679307710465
898986787649007617
754534702418198528
1217906304326479879
1067777807886049280
1198263173016694787
1218339408824492032
1223753878149222402
996930248947240961
1222253000447746049
2360260285
918196379213881346
1157002258816610304
1220911480977096704
1099736534465605634
1029042177538699264
1217877996847222784
4098909021
848241229116698624
3637356257
1199000972019806208
1892083944
1219489194936016896
1052705511274110981
1211841617264398336
1217864127420555276
1219004295338766338
758063103225495553
1215283874223312897
3363061360
721092286046728193
1207799270830727169
1093303687525646336
727329391877959680
1141468348875776001
1214996318835421185
1176825076064432128
884604760401354752
1216195048376872961
1064282622552154117
903667409407672320
1092607149841281024
1212137744362696705
1107450330051153920
1075038009500819457
1214903032820965376
1214602109733232641
1214246856261132293
1037323267504320513
1305340112
979553322997706758
1212863886405193728
1213130316677668864
1047701656304062469
1077013853798567936
1212929317845360642
1105173109852827648
751086148777283584
1211751148220084224
1190461489930539008
1210862789507420160
1210279456612503559
1131698916926349313
965693073039740928
1124012165801893888
1088617762828767232
960353300238479360
1177247024279949313
856275436132761600
1208577810652106756
914970499045892096
1072260306636861442
1052709092622573573
846981000571867136
1180303429584994304
794686074
1207232512751214592
1198026620667408385
968669875186163712
909512653298700289
1226448330
1205642203407802369
954472321498181633
1204918011074887680
935304997088251904
1204054509032542208
830783193410314245
1135058029064478720
1125759702581825537
1166360440470953984
1096982161729732608
1199831879186362368
1200399602001809409
1200136819024764928
1200083815915544576
1199537576388038659
989870154984062981
794622778397884417
903409044454592512
960866679940108288
936618659270856704
1157476647173537792
1175128403516776448
497114969
951567217359015937
1019379809623912448
1117970611173773312
1134301344532238336
1193192576515543040
1148227521701404672
1375604510
3319164947
880221228346347520
1194214533734252544
1037888376832188416
1188647112080269312
1002359377448316928
1072627164774846465
1192128316481974272
1171583543752966144
986052181135675393
1164388674307538944
1175025670042333190
1011766762914877441
1191474568118095875
917557728243003392
1004910678958837761
1022878699895570432
1150869184131284992
1189713574345793536
1125830721652908033
772093740605403137
1187316226147733506
1186523811497295872
736959494945689600
955298621775384577
1170868718953553921
942931880097320960
1184461293450862593
821187749130698752
946892345814941697
1182515842438909952
1182081049540608000
1138936822141280257
1177383916904296448
809934140334280704
1149522977626578944
1158041390720409601
1085733866323828736
1175175076456669184
932343335892783104
1117982610284777472
964161032884277255
869316432311574528
1001854524951351297
841951486636621824
1467086089
1144853304641540097
782725922776576000
885180365786292224
961810669103280128
1126692842485633024
1158480927821090824
1045438508893184000
336888695
1166843707804540929
1032006900362166272
1117975966389800960
1011451879933534213
1121819431699718151
1115446486400229376
1167157820686557188
1042165700540936194
1022643274773946368
1081783177478373377
2979089523
1123797798862958593
884886581315874816
1088867932371857410
2466390535
1102026575065812994
4355253863
1161418062664482816
1143628098384093184
116434023
1142173942188335105
1017504326812618752
1158761562821337089
804930614558425088
1008852977124368384
953316155669741569
1116422594075463681
1048409845924290560
1158299574907351040
950396874028212224
1134255418769907712
817858743731949569
1010958844904853504
883857162409308161
1146910194267492353
1154493941804351488
2758924739
751901235591208960
1030177137561624576
3001245135
4496022075
1045418266221531136
972206038832250881
950906306365394944
1157506206702944257
1126929840484048897
1157170981141667840
1012100065538854912
767415036994326528
811735845887758340
922788706666405893
1094763652689940480
1081735022397321216
1040824849579614208
741827734222065665
846116484187328513
1105212736349396992
937121318411079680
3411021999
1100521470458060800
1148275428353855488
1121044230221238279
3936135029
2730750214
1023055836900454401
1097295009655721984
1053854383627218944
3915125902
1092839027961663488
981672344488996865
847197392705400832
1110931442308206593
800721256307826688
925678689915953152
1087893683129720832
1070312792400506880
767144315684610048
1052679333565743105
1024426322125307904
751579602573746176
1094650918316986368
765693241496838144
980634037604835329
3834534587
794593446057086976
989607055131594752
1069368203208507392
1332756979
1017417535132557312
1067905030978760704
