1272007829805817857
1268308775653576704
1271489750684381187
1229357414648090624
758337541120614400
1732885484
1199644967502798848
1267931467918856193
1201181605559177222
1263892525733085184
1125830721652908033
1015978421514653696
726812132843638786
1242570326644609024
1259733463063605250
834908276538150914
1210961131021291520
1702700618
730940995127250944
959452321095802880
1254989031240347649
981177587924905984
1254783528262201344
1120002581625999362
1234823680653438976
3044903011
1253356579967176709
1029207424924835840
1121180290909708294
2871519335
1172981334115061760
1246472824086302721
1244127817371172870
1241569309291413504
1220913573444116480
1242417355088695302
1154493297425080325
1218960369936490499
1242222556142342148
3754202656
1187727087848869890
1147506639366426624
1017417535132557312
897608600381730816
1181951054331678721
1231635701508210690
1229247925114605569
1118683050366373888
924281271651569664
1145795003203145730
1007966774351065088
1124012165801893888
1048011613591261184
1097295009655721984
1193634811761627136
846981000571867136
1166522784606015488
1067239020806238208
1214246856261132293
1325644706
1221900591955312640
1185180078893867008
1219813489885294592
2270328115
1214602109733232641
1219130358005927936
909512653298700289
1146910194267492353
766057705392005126
837752918308683776
2176252885
1195919420801114114
1210359130965319680
1208577810652106756
1114240372740431873
3178199296
1387690028
1196809695698309120
1205698036304883712
1142940599772942336
1477964251
1107450330051153920
1150449299785953282
1080170664089276416
1200083815915544576
1194064374404698114
1199537576388038659
754069618847801344
1081384419586379776
760617375553228800
1198258039700250625
1064714595850510342
1042196279374295041
1189668082081513477
954472321498181633
1123797798862958593
1139509806652432384
1138936822141280257
989607055131594752
758887594268602369
1053037692655677440
708671230
1132290652816007169
1121196719881035776
286429960
1005761010362351616
898329111768293377
1186971812909015040
1135058029064478720
866421027194232834
3731999601
2211651642
1175175076456669184
1183884457109053440
1127713977348317184
1142543611617316870
1085772340452122624
340062512
1080182346228355073
1113964792899952641
1043282540826697728
1145847132852822016
941068363274620929
1170879270979285003
978107064114434048
951190954018566144
1161772078879641602
373390304
1000450434543374337
1157506206702944257
1101601903421636608
3314350473
927165237094244354
1010958844904853504
855334430767841281
1002631490637828107
1085444876316098560
741827734222065665
2979279899
983474975922360320
1081735022397321216
1120479455229689856
918196379213881346
1145000541807894528
981672344488996865
936728869746413568
1133594755101790208
1133209968344260609
2466390535
1128082573492617216
