1269427827826470913
1145212656363692033
1135564037851353089
1258759694014976002
1244672770824437761
1265851705553543170
1083533414572195841
1251728591592787968
1267931467918856193
1265441511988252674
1238972168320491520
1125592796285550594
1138569684251553792
1474794852
1032352881393979392
1375604510
1204541903796133890
1211075326702276608
941137748269981697
801100887846514688
1209344993334374400
846981000571867136
1146497431309303810
724571995
139574576
1036656899813502977
1193634811761627136
1073062923289968640
1261412463343476736
1036991241332969472
1124012165801893888
1256444766880964608
1179123785963843584
1254317969422913536
932375915211960321
1259733463063605250
1039893739047735296
4203712319
1241380256260542466
1137107444239405057
1104713604316696576
1254783528262201344
1016180321660932097
1175591508688408582
889975089118236673
968669875186163712
1037880613565603840
1112319285211348992
1084072109834489856
894258667691921408
3011587912
850803047425036290
1170898014191390720
864945655487356929
1253104992023650304
1245905877766463489
1044989750325772288
1210279456612503559
1250978676520386560
1047584800310263808
1201626625684754434
1229813430829375488
452170854
389199707
1172981334115061760
1186857395697442816
1009248946055798784
1188602801573814273
1246245202848874498
1245776710978670595
1201181605559177222
859906041521336320
122790434
766041180064849925
4098909021
848639795790311424
1218960369936490499
1067239020806238208
2372212162
1159895121783074816
1150447366052425729
987423428910166016
1012481278694907905
1238093616716951552
1239993312381218818
1086018086849912833
324000109
1126490846478598144
742139241942163456
1135058029064478720
1184393018847170560
1149120756913180679
197898944
1172649345973460993
1208589911638585344
703808950895038464
1213082197537644544
1157506206702944257
1009076808283840514
1229741560251678720
558149012
914326206337753089
1234466386346377219
1220537118558171136
170545333
1097424845007192064
1213720433947598848
732032332601958400
1237948868400230400
1195194002821259269
718120140223676417
935832485577060352
744390270079406082
884443714571165696
951375472004403200
856533989850525696
1158865697390379008
1135722098230534144
951567217359015937
1012897479493324800
4355253863
2276925715
1169329375499735041
969302356780371969
777016530957701121
2725806509
1197927911778607105
764870108250529792
918691578440323074
1163249584119959552
364948910
632542632
1022617884076466176
2772139257
865346575601729536
1631028157
1200617208218603520
1236110180514967552
1215738029094076418
1174830647610941441
170547328
746145570205622272
757987723357683712
876241344
524519097
446511187
14886140
1175175076456669184
1121608013482201091
1231367724762357761
1120479455229689856
1216803643657216001
1136506709755736064
1200130761384497153
2918682683
1102749183310774273
733797492144345088
960866679940108288
1206203256533336065
1051956945748406272
1221170691451641857
41405805
1169765639847862272
1165969261262778368
1132993875113631744
926099003351158784
950780365555355649
1054188075864256513
1253162604
3390389397
218218977
1027291617257029633
989515708735377408
891022638239318016
1190805726719070210
1009526272278614023
1095505232149315584
909608169881645057
774610044
832401960850563072
4739001497
267501555
980499219592118272
1097004774099218433
50400088
42061795
1202070298910167043
1102078094
991071544486055936
1232017282433503232
747872014208229376
1213603492096438272
1332756979
1134416877202149376
1211048565096665088
375362218
1141469532239867904
1067376594103222273
1230146343747948544
1187576792191770624
1121667280352317440
1191075604235538432
1199000972019806208
2438216595
1165091921058029570
1049020056166907911
326913391
1000454029586165760
3385091591
1174858314691350534
1004910678958837761
821200171501547520
1027906026715144192
903667409407672320
792850534021693440
1090056830775160833
1173693509049683968
1390492232
756312805641482240
1222966355688927232
1147724185604636672
1221823126083964929
1146847993443827712
794686074
890367090733068288
1050918380973301760
3080408333
1158761562821337089
1028056709707771905
748080801863114752
2360260285
1153711233373220864
1190252711352176647
886284741535838208
986052181135675393
1157002258816610304
1173621811990409216
1067570716302819330
758887594268602369
857001740683681792
1219748699145936896
2482583552
782725922776576000
765693241496838144
1211040459734171649
1219004295338766338
967437825347112961
928782104468643840
1116736978094120962
1031912851043168257
760628608633298945
850936459557261312
2908807713
910568066978865157
1030626236245131265
906986914150076418
1034275523567013888
855334430767841281
904888631701250048
1467086089
758337541120614400
1105173109852827648
924281271651569664
629529063
721092286046728193
1166360440470953984
2670352880
445141751
1203840219679797248
952982737908101120
779812427403755520
1206066531043598337
1000227370069118977
1194064374404698114
3411021999
1053037692655677440
909512653298700289
1214246856261132293
1113964792899952641
1037323267504320513
918201369236049921
1226448330
903756177217118208
901160735342022657
1117970611173773312
954852132947185664
841951486636621824
1072260306636861442
1211457407869579266
1050545194930720771
1018825289202315265
1164716870496333824
1105997958053531649
1168574337252823043
1125830721652908033
1072970833348440064
1184507442379612160
917594189789126656
216147053
1180644421769019393
1180235206709710855
1179921012521160704
1055842736543358976
1043282540826697728
1085570992569831425
1167676843023097856
1095912805117644800
1176997100422348800
1098954240511348736
751086148777283584
1104932027944656896
1062855305523093504
1038141553133453312
1122917858231627777
2331243253
497114969
929741570928193537
1158494619627413506
1053732567231463425
940039564734767104
1172464852633366533
3800629701
1162705012692344838
1165428879781236736
481613413
3331612174
1161940039158456320
3111250889
969352008883998720
979420554963902470
3430701496
963454637734023168
1026103128586899458
1025447863382433792
1121044230221238279
241196187
965693073039740928
946053106927853569
1151210412437884934
1634148068
925886233716326401
380777209
315408811
553926773
1038519667810283520
950454049194827777
119194752
1077655636878479365
129035138
985983743025401857
860883387514585088
961017120015384578
1033095434758221824
1066323011576434688
3781703020
876865041957564418
808094667380297732
1080172444927909891
2808458042
1039126427822632962
893303446773927936
867162996
4313321955
932671848273338369
2466390535
932057378505228288
205456248
804930614558425088
456113314
1070312792400506880
1146462117589127168
1033892691896135680
1126463217323192321
999646126704865280
1103459514349772805
2318810224
376530085
1205858762
708671230
729004530
2446174844
1085898119026483201
320473110
81351027
792019400320753665
4363933577
1158299574907351040
975556785410060294
1083908696932057094
921015594002108416
750804124799791105
2941724529
887748915822567424
737790344503427072
837752918308683776
1152048976780255232
899309099468431360
3319164947
1089992434464051200
368017370
761647263802331136
2495364955
1114590365967888385
3212132463
4236759975
1158024607535902721
1117907879485476865
1108894270021357568
742754547051966464
465277885
1139025930071019522
828710519464984576
331946039
899387850432675840
2683348048
3412546071
336888695
272749198
3707701575
1038838234829283328
1085444876316098560
1157170981141667840
1130710795363524615
1102686804128550913
1088867932371857410
1021988196303949825
963149924257873920
1022885790492372993
1030177137561624576
1111649270577463297
3296854998
1025062407947931648
1120845349202157568
955857913955962882
1030081292807929858
4862124814
1452648019
1114240372740431873
4870641658
2758930169
936618659270856704
897608600381730816
4890118043
839581591848513543
974332968889147394
736959494945689600
2274132460
451892185
875875903594799104
1011716681947844608
1022885188999753728
1141468348875776001
1083189095692668928
931308104381337601
3820557148
1146199244082155521
1039314075665215490
992543720825348097
966059938513637377
1002631490637828107
710172142592196610
882205209627430912
1001854524951351297
1101601903421636608
1020453578295693315
1018941765485776896
978410269998223361
1067905030978760704
2223841498
1024747613239820288
1058773361353023490
990327921322659840
200715506
1152397249130971136
108000994
1073552346469335045
2259379050
65517712
1050058468810469376
1113605709457960960
771906909230301188
1148275428353855488
1150603198585036802
1083491545314197506
1100521470458060800
1123735756370055180
1023381682576154625
834908276538150914
1151554678028718080
1059446251148754944
1116771559060967424
2871522196
1131698916926349313
3819528628
719328314431815680
1105593780508508167
955281813441843200
881618401910820866
1131697710699036672
541073996
1022878699895570432
1105212736349396992
1011451879933534213
1029033210854944768
1130610957288431622
1036640944559407104
1104744052627591168
116434023
2758924739
555440889
910407656
1092597595015393280
575000667
888372365754806273
1011396970366357504
488983375
1151503251986161666
959452321095802880
885180365786292224
4675650836
1015324030763720705
73703789
3001245135
303002760
3043728663
987401940035362816
1101626670530859008
340062512
4738420696
1696991059
63610615
3140873446
1103482085455609856
806871462271401984
903406933360685057
901112187611209728
772093740605403137
1035499297322754048
980634037604835329
1031889102885584896
917018616012398593
832751284960661505
705458058449784832
777304985117786112
1124768546599337985
1023055836900454401
830783193410314245
928308938600271872
820541178
859218767867506688
877924501283119104
940415507890688000
715292196287721472
1118020910
3228352221
701752266
1073988863146766339
1007686526828974080
726812132843638786
1029140958
1273699291
1087893683129720832
1034942664498716676
887058115929178112
924792275263217664
3131496262
1117467124908396545
1182633314
871707855560335360
3395079915
2921763207
1115446486400229376
2979089523
922788706666405893
1003979487854448641
961101024021942272
1036057005897797633
253685777
1126929840484048897
825709910885277697
1081783177478373377
1005453782401126406
771298477108256769
989607055131594752
1102026575065812994
3252897991
879904182043635713
918001740196261888
1094650918316986368
1058847883720568834
1046424503755124743
2881810071
828294479782227971
3566132487
1041132300916977668
883856792605863938
707514822
1107450330051153920
465632422
1049106088262557696
1025586932246609920
927165237094244354
3424952223
1022997413211058176
4701590693
34319516
883857162409308161
1149269199774257157
930852158941122560
2611980665
981672344488996865
914970499045892096
745474170062929920
937872079629836288
2868026092
936728869746413568
742547824244588544
782792234945110016
815468915853848576
836827051139137536
1096982161729732608
4870923189
1047701656304062469
741827734222065665
1053854383627218944
1123797798862958593
1081735022397321216
1010958844904853504
