1269427827826470913
1153564195331432448
717386975800598529
1270579847006490624
1156950899018936320
1272633709326405634
1063468137818005511
1213117519633928192
1219653887839346688
1096552164548374528
386130949
1271910992033779713
3731999601
1042627436
764079121
1270482302917922817
1157763026730266624
1264678094037831683
1070059813126766593
1267494038481129472
1175434327875837953
1210961131021291520
1268563547958718465
1268683921706885120
203645860
1220164205065711616
772093740605403137
1172649345973460993
1265851705553543170
1246126342220939264
716418772073058304
1244966630259601408
1262143522033020930
727189264451162112
61941301
1253715528922914816
808493979838873606
1179123785963843584
1229196233325137925
902934528087511040
1261093249961394178
1261004737329139715
1246448218197708800
1259733463063605250
1039893739047735296
1085883505404461056
761588969821892608
1257317950278647816
975346247803523075
1105593780508508167
1089338045785083908
1157827466720894976
1240098306254082048
757987723357683712
1017199664515436551
1217877996847222784
1254263877849800704
1250244128337772544
1132299646380969984
613348247
1174891935133130752
1105173109852827648
983170365244563456
1210279456612503559
1241141143192158212
1216424117546749958
1250676520672202752
1212882320404860930
2225758974
1084072109834489856
1235697377387974656
4203712319
1056715094376235008
1246627317050458113
1246284903815229442
887707543434387457
1188076697595326467
983474975922360320
3351559312
1196161618440314887
1217906304326479879
1243553633108725765
1146847993443827712
1073374027576676352
1044748640751939585
1242965105681346560
373390304
1218960369936490499
1220913573444116480
1242264102711382016
1240943189659435008
836827051139137536
1234528210852904960
969407363512983553
1137107444239405057
1240381749575680003
1238218533571616769
1229902826073206784
1231770121905025027
1022885790492372993
1208589911638585344
809559141626900480
842391852644999168
2619143895
986052181135675393
964161032884277255
1235329112799145985
1234466386346377219
918001740196261888
1151238522940133376
362194085
704043578377560064
1237120527749255170
1237060099581018112
1158761562821337089
1119848797310476288
830997849672409088
475474811
1147972899309019137
889301868136062976
575000667
3433437148
1234993627262312448
2466390535
1201623384137904131
1024803059426385920
317371434
1098032525627281409
1234268415524769794
1190738124281909250
2279374428
4870641658
1232744709707247616
1686898298
1126463217323192321
1230329724666294273
1191075604235538432
1199169306803744768
1229877775647027201
2921763207
1229741560251678720
1058048523449630720
1132738264417361920
1066323011576434688
1134622250039205889
2223841498
1020453578295693315
850936459557261312
1211457407869579266
1198026620667408385
1228192652878729218
1158449776368791552
3670236563
1228419607003877388
910568066978865157
1054524130035417088
991138695498616832
1102026575065812994
1024426322125307904
1227417691541123073
1010269165
909054523074805765
1038931044379049984
1167157820686557188
914970499045892096
497114969
1225649504981942272
1062748656573579264
1124012165801893888
1223753878149222402
761946153789321216
1043282540826697728
969039539204485121
1161111455606943744
923412657453092864
1220911480977096704
1052363863243415553
1157002258816610304
1216195048376872961
1148227521701404672
2847039257
1220044596039819264
2483016895
1199000972019806208
928308938600271872
1219088611330744320
1034942664498716676
1052705511274110981
2979204759
3434274453
765693241496838144
325772586
1167502982067474432
3191937251
1199702753246949380
1121236062188253185
1040824849579614208
1008852977124368384
715258070
1081735022397321216
1195799904532271104
1146178121445650432
744390270079406082
1213612822426337280
1143628098384093184
1140237684906045442
1213130316677668864
918196379213881346
1200617208218603520
1213065128112820225
1044354426218131456
1116771559060967424
1663527996
1211751148220084224
1181951054331678721
933811233958002689
1971582259
1195919420801114114
1201238322582114312
766403706665496580
1924514052
1009248946055798784
953286338123583488
846116484187328513
935646537492856832
2438216595
1131698916926349313
4866981885
911629165555744770
856275436132761600
1107849527980183553
4738420696
1209136191808950273
1198354673129930755
1208577810652106756
1118139732821716992
1114240372740431873
1037083240765562882
1144249598313213953
1172981334115061760
1207232512751214592
746145570205622272
902371811937193984
990286034784137216
2293108508
1203875143463981056
903667409407672320
979553322997706758
2870931209
1049183907885830144
153551150
888234707611246594
3781703020
751901235591208960
1029042177538699264
1117975966389800960
1149921216830083072
1203485416210550787
901112187611209728
248365480
1200246810436128769
1030626236245131265
1149764088186249216
834769943040229376
1029207424924835840
742547824244588544
1037880613565603840
600538326
1083533414572195841
965077357517312000
1157476647173537792
989870154984062981
580264562
272909231
1200399602001809409
1125759702581825537
1045506781550702592
1200136819024764928
372595545
40326588
1200083815915544576
1193634811761627136
1095912805117644800
1050545194930720771
1175811351127703554
1199537576388038659
1199386107487621120
1615769916
1161472168506662913
1168574337252823043
1196424084407623685
1077013853798567936
1198625173605367816
1084933233526083585
461940166
1126692842485633024
2638311220
1022885188999753728
758067949114621956
840450924
1048692348291612680
782725922776576000
954560729708933120
987401940035362816
1157507411030269952
1049106088262557696
1194064374404698114
3496266383
1195112839377293319
4098909021
1183449434778198018
1194965849238654976
1001629210107088897
1009479014199840769
3031697962
1194750664141873152
1011766762914877441
1194214533734252544
1025586932246609920
726985191877672960
1170868718953553921
869375218682400772
1091801714250956802
3577671436
1125550798761492481
1193192576515543040
1165037932518027264
1191772869149253637
1192128316481974272
731311835656421376
955111840043950080
930852158941122560
918201369236049921
909512653298700289
794622778397884417
1124402903656140803
958012267441872896
2758924739
1037888376832188416
1158865697390379008
777967801302716416
818940622946127874
1117970611173773312
2491967726
941068363274620929
590559763
4355253863
832549014587527168
1187859330793693184
877924501283119104
2686308350
1085772340452122624
1040057654721347585
925881479888031745
931308104381337601
445141751
1137905250877267973
1091032317961912320
871535546044223488
1184935410901901312
730825279380262914
1184180662615584769
758887594268602369
1132382898928148480
732964647368818688
987423428910166016
2355428305
1030081292807929858
922635281303527424
3834534587
1100521470458060800
1179758907750862849
1181016551950094337
1180864129348841478
1180235206709710855
1011451879933534213
972206038832250881
1001854524951351297
1163165443890323461
1177757277014695946
1158485084602871809
700488925996044288
830783193410314245
1041132300916977668
1125830721652908033
1053037692655677440
1149522977626578944
812146610138386433
875875903594799104
727329391877959680
1004910678958837761
1036723115680772097
1122113742072963074
1037323267504320513
725349306715267072
1166360440470953984
967766797901541378
1117982610284777472
1022643274773946368
441247684
1011215229915684864
1135058029064478720
1169449486621585410
4865677275
1085444876316098560
917557728243003392
952982737908101120
883856792605863938
866421027194232834
715292196287721472
3936135029
764870108250529792
942571670035890176
116434023
708500054626144261
878041517088223232
892410690920755200
1172148817153667072
1165048275000537089
922788706666405893
885350804
1088867932371857410
1107450330051153920
937121318411079680
1063862473047121921
999830822713741313
786728865620189187
1093303687525646336
1025447863382433792
1023249682959671296
936618659270856704
4616934983
4038707182
980634037604835329
2772139257
4675650836
4890118043
4508576729
859906041521336320
857679915000451073
705458058449784832
992543720825348097
3395079915
804930614558425088
792019400320753665
779812427403755520
993291819558621185
764183330543861760
758063103225495553
735239565066244096
2322526243
2211651642
2979089523
2616540199
1037578088
742182135482699776
488983375
778401969564246016
853196034
809934140334280704
792850534021693440
1023381682576154625
1015235629368692737
790327941402128384
975086317875933184
2418974603
4785128974
912141705192906752
1138987027695845376
1148188634593583104
932343335892783104
243468688
2279059176
340062512
4701590693
794686074
2210554663
1022997413211058176
1023373294186242048
1036640944559407104
817858743731949569
891179596837736448
800857038456782849
1305340112
2965539970
4820064965
1329825194
1892083944
3131496262
1005453782401126406
942181676792406019
1034400204290711552
1052338687948787713
895408157442355200
846981000571867136
1045418266221531136
1045438508893184000
1022878699895570432
1018941765485776896
908474903350923265
1053854383627218944
1047701656304062469
894258667691921408
1072245336561860608
940039564734767104
884604760401354752
955298621775384577
1126929840484048897
883857162409308161
2871522196
750804124799791105
2334892588
968669875186163712
951567217359015937
935304997088251904
1116422594075463681
305175287
1123797798862958593
1696991059
880221228346347520
767415036994326528
721889745215832065
774240652813070336
1096982161729732608
1072627164774846465
989607055131594752
356448452
721092286046728193
790407601926340608
2778408701
3296854998
3319164947
884886581315874816
1147506639366426624
820541178
1101601903421636608
907408981802541056
1103482085455609856
1103465899024150531
1081783177478373377
841951486636621824
917868679307710465
816210641992249344
173609310
315213022
981672344488996865
1142173942188335105
811735845887758340
1085733866323828736
2670352880
742139241942163456
960014946233929728
932566772972249088
1226448330
1105212736349396992
708671230
932375915211960321
966059938513637377
950906306365394944
1120746406262845447
925678689915953152
1170725390689742848
1161250956417404928
1025574983819513856
996507401460346881
1002781605017112576
3125345297
1023055836900454401
1068838608763785216
1067905030978760704
841832679146438656
1012100065538854912
959452321095802880
