984933750634139649
1018421498145624064
1228531940241879040
1242454152782983175
1238956222809866241
1241422802311405571
1219207005258309632
1240668127454793728
1189119380145262592
3413635815
961080439191502848
1034303784892223488
1152692123281559552
1195137271948890112
1165962531745206277
1105991560418729984
946233253853310976
1076099244602335232
1150184198625464321
1173334239770816513
4346399075
1160501718301499392
1107363651143507968
603852871
843894446785728514
2971749369
1230449966025527299
936978342074617856
1227930291056058370
1121891464181579777
1095492270860709888
1207496438466404352
831885197981401088
4924837619
1678681314
4870692412
1092571812767113217
3604895836
787420523638714368
1213871776016420866
1222235235221372931
885652794237222912
1109625823521370119
1195192669754085376
53408727
1221183734612996097
1199154130377433089
806999651220123648
1164725807790592001
1218331872956223488
999685955916353537
1085733866323828736
1123797798862958593
939288083119398914
1215723355686477824
1186718187418771457
909041003750928384
1094768409236127744
838477828551225346
716688459553964033
1063955330982428672
1183421651179970566
1090445039170478086
1056675954683199489
1199887776688300033
1009579037663121409
980650763407036416
1182102176065314816
1105396353553887232
1129811063606849537
873208620657373185
819557526857519104
929830081752682496
738782595429892096
706198181567176704
1166028592683376640
1051794837907886081
1001305560040529920
1104517372273135616
840194486714146816
4407875134
4150369577
1018555855237722113
1069032553972203520
1107323635667226627
337793378
3680592737
1079413252940021761
274058913
1013198959563759618
785313464931811328
4524709043
797580168185442304
341992348
980925086801809408
2806349667
921592119818469376
1040743962938621952
1184084217451438081
4571490574
15852474
3087471459
993160056383397891
739838274731159553
1117486685359681536
69060407
751204499470032896
1151563520267493382
1043724915789258754
1066696796854996992
767008295085154305
932592373149962241
3648734597
997930858693742593
1439328300
1097602089390403585
220333499
987050364380876800
995752746686013440
793155478499037187
3040927593
1157148782615617537
1121785597268512773
2892232421
824772769313386496
902667002921279488
1038492976127922176
1075586723621560320
952151855911579653
966059938513637377
1170766048720805889
3207731272
3298124281
1028315036434001920
2823220577
1047018780050763776
3069097403
1634744605
1012100065538854912
841832679146438656
2429205787
1107804867958108160
707316852612075520
816361224023801856
1073660329241006082
3264629297
4064695541
3038146426
847231313195057152
938135876
858905093621600261
1062843975973945345
897979346362806272
1133760171073835011
733121302974898176
869690942961451009
3003504141
1164486460021661698
4840078709
798662806581157888
1024367211769679872
974506586302423046
1038961255426543616
1157023596205748226
994642360175915008
2997174670
1010716021047660544
769305902943985666
1082849296591015936
1131060119276535809
872685044
907623012953882626
1039139382119354368
1129561457815883776
2725911954
3392841785
244532537
777711440631361537
4737046817
1108873249826447361
862804287813976064
996617314236813312
846143605714640900
555125327
858884262858285056
1068838608763785216
790407601926340608
360597059
959452321095802880
