1156531874648530944
1373872562
1242605288714383367
1173065650312482822
1144249598313213953
1222912339336405003
1067835836270555138
1237182598566330368
1236750451992821767
1025526189262360576
1052948616590086145
1158449776368791552
1198005310453174272
1215045085504724992
1180399198925049856
1199000972019806208
1150449299785953282
1200246810436128769
1188647112080269312
1025586932246609920
1194750664141873152
1087181189054631936
1000450434543374337
1022885188999753728
1138438832653840390
985670849071124481
1135291747867795456
887058115929178112
285193820
1007686526828974080
980634037604835329
1169449486621585410
257677491
1120746406262845447
1005453782401126406
809167078494240771
736959494945689600
726812132843638786
3395079915
1305340112
3319164947
2211651642
1038831049067954181
715292196287721472
745474170062929920
967766797901541378
3731999601
2491967726
1119848797310476288
1092607149841281024
1183710552062943232
4870641658
446511187
942571670035890176
1147506639366426624
75149741
924281271651569664
