914918818673303552
1255662625813401604
1007966774351065088
1171583543752966144
1087127408875048960
1137905250877267973
1170183955900960769
2395207771
866385765240123393
892410690920755200
1049064909147963392
359546291
1072260306636861442
872617542174617600
4476343468
1083163738797195264
356448452
1250978676520386560
807955762848944129
1120479455229689856
794361275648266240
1175434327875837953
1114267409123303424
1081783177478373377
773706171064737794
1180104743294775297
1242965105681346560
1661285155
1107248245867233280
1148227521701404672
1037306606852231168
1092253110628765696
1030081292807929858
1192128316481974272
340920763
1002227895534800898
711905644362776577
948756879550943232
1157506206702944257
767144315684610048
1167214875912937474
759248454732374021
1387690028
958012267441872896
1134561106821885952
1098954240511348736
732890003756490752
1070114361623101440
1234878374046289922
1057416961905356800
942181676792406019
3043728663
1892083944
1219748699145936896
1136803462711324677
835241370713526273
1217940135809036291
1167429816884350976
4488545362
758887594268602369
1093303687525646336
1229447438718709760
1231213334814502918
708671230
2697024868
1149262176210817024
709930511792263168
825441204850585600
1228543912756891648
1228797133735780353
1170766048720805889
791668340444004352
1932338682
727189264451162112
803369895601827840
1227207077522702336
758063103225495553
340062512
4785128974
955542563850784768
1005876094225059840
880221228346347520
761588969821892608
1037888376832188416
1219088611330744320
2911894233
3395079915
1150603198585036802
1138153711170179072
744536809380646912
4675650836
774679184
1163219876229591046
1121236062188253185
3668475137
710244204870569984
3131496262
824799422160723970
1132289088
488983375
765693241496838144
1210915395231596545
2864626156
3434274453
1038838234829283328
908474903350923265
1946911052
1134778985764794370
1085772340452122624
2466390535
1176825076064432128
1084072109834489856
782725922776576000
1147506639366426624
932343335892783104
1164388674307538944
1037880613565603840
1141468348875776001
1024426322125307904
75149741
1126463217323192321
497114969
950609395733467136
921990142306476032
935304997088251904
2483016895
2758924739
1325644706
1123797798862958593
1051175811322179585
721092286046728193
1131711659075100673
1046901019920273408
1081576810192793606
1181691040987783176
1169329375499735041
1027597949705101319
1183933371237441536
1138994394613374976
1045418266221531136
1184273441001746434
754133252131127297
1061386459519877122
1053854383627218944
730940995127250944
3915125902
1117970611173773312
1606564394
1170715989509623809
4852501161
3137129929
1183808320072814594
1185581684340736002
373390304
1080170664089276416
1187938834769727488
955298621775384577
1199000972019806208
1144952064033873920
748331948720930817
936733917230567424
1055215820790472705
1011451879933534213
1104039437309231104
960014946233929728
734143675400368129
1026704122475634688
1121044230221238279
1111781792900698114
1010958844904853504
344921682
1134301344532238336
1150449299785953282
1126929840484048897
850936459557261312
802674412646502400
989607055131594752
1003823067137740810
3707701575
2868026092
1022878699895570432
1047701656304062469
877283688895197186
992543720825348097
1057082396997283840
1097295009655721984
736959494945689600
816441222785073152
1196000598212194304
884604760401354752
1022643274773946368
841951486636621824
830783193410314245
726812132843638786
1060989273703436289
1040275485480181761
1067905030978760704
2979089523
846981000571867136
1142965913144188928
942571670035890176
758455894510280708
1122726339038056448
3670236563
912141705192906752
779812427403755520
752640351463149569
3411021999
1125759702581825537
1102026575065812994
914970499045892096
1126692842485633024
1034989432720564232
980634037604835329
4229255871
883857162409308161
859906041521336320
1116771559060967424
950906306365394944
965693073039740928
2813978379
1017417535132557312
968669875186163712
767415036994326528
866401791927357440
3834534587
