1115685476688486400
1606286204
1269427827826470913
734934148092157952
4767403628
2905847603
835208089720750082
790658163137613824
918691578440323074
960866679940108288
1202058475632832512
167217989
1273629794694041601
1260486963364274177
1047612689982345216
3376742649
45559302
1070059813126766593
1272007829805817857
1272633709326405634
1208162528943104001
1272291015211266048
1272213258037067783
1271899232157544449
1193192576515543040
1267280177912074251
1219653887839346688
1271910992033779713
1270143667731345409
1271631979147071489
38905246
1271489750684381187
972671312132018176
1666450760
1068335226621956096
757959631264223232
1153315978161414145
1264678094037831683
1265391090045157378
1137107444239405057
268466257
1216883816331124737
2552745975
3824931495
3403075540
51474255
2249399281
1269757992192413698
704051176896122881
793253893782310912
797855949709082626
1963715544
1222988990271434755
1269060824892682241
1063142371133743104
1185713032711884802
1001247629467176962
1119291264447524865
1066392949007818753
1080490852538073088
1268563547958718465
1268667858944483332
1268327831660113920
1268683921706885120
1267997433885331456
786728865620189187
955281813441843200
1052338687948787713
501458314
1100160710242385920
918910794804416513
1267603325878493184
174820964
2288874594
1191749478086258688
1268151135451451393
110309802
1267836199953203204
1253458040789118976
1267656937073770496
1267577092159520768
340062512
1267494038481129472
1267329263851712513
3707701575
1050058468810469376
3164495573
1267179568634515456
847197392705400832
1267045769527394309
1266925569318535169
1266172512070754304
1248485199807053825
1265070004002787328
1257648379477311491
328761097
1265851705553543170
1265789113594261504
1228399831602868224
1265475814507917316
753730890996518912
1117982610284777472
188528951
1158404199367008256
1167214875912937474
1216563700305473537
707620937257058304
1203467226344542208
1262727899343446016
1007729974286143494
4775999477
1264596441403711494
1264506854941523973
1264252635286253569
1263906109263413250
1263892525733085184
1263668106393681922
1247009555206332417
1263520488829194240
1158375525867565056
1260646000139665409
1063468137818005511
1263460269499584519
1262156312382758913
811343468983451649
924319080907268097
395871613
1171610222420475905
1262943364250558465
1140930466700320768
1015978421514653696
1186102387708182528
1262219734029910018
1260314570356330496
1070312792400506880
1258223348250804226
1156950899018936320
862695605671518209
1161481699760508932
216353058
1261093249961394178
1182394897027997701
370890540
857201879700393985
1157476647173537792
1148227521701404672
1261004737329139715
1152210704369422336
3125345297
389734306
4913381080
487657383
1260366807858384898
1246126342220939264
883856792605863938
1260347171959963649
4865677275
975185228603027456
1258044409930756099
2498679052
1246290118752768000
1259978909917028355
762071732383522816
1259733463063605250
1056266052286509057
1258240148334133249
404420110
1219695186
786594666221297664
1003979487854448641
1239980612909441034
942181676792406019
1259277267857027073
1085883505404461056
1258674576726396928
129867729
2227542032
1106303886288130052
41762863
761158007145295872
1258582702338584581
761367413967446016
2672266426
1050570168974368768
1258204421378408448
575000667
808493979838873606
1170766048720805889
1024389530135216128
1514611710
1201238322582114312
592035990
1246919775479107585
1257317950278647816
1019762568985042944
918201369236049921
1193721948204916736
1036768445575176192
1256590041368887297
1148047853945872385
1256401899093405700
1073552346469335045
1256297394477641728
929916693723402240
2149990335
742774929423114240
2252308742
720455285098344448
1370115854
2160049993
731612758702194688
793471598925938689
125814429
3333763287
1243048153730990083
1255957018269155329
247303350
1053037692655677440
1640911310
1242570326644609024
1703139530
731311835656421376
971508207679082496
819227180894928898
319348894
1539785179
1255662625813401604
989388868121178119
1255540207719452672
802923856277151744
279703741
1873545222
1194067210987327488
934479544488251392
1135329652510199810
1180983843513389058
1240098306254082048
1192486043129384960
1206066531043598337
128704954
1073374027576676352
1198792064009416704
1255227420849963008
1037061473216946176
751986296533487616
3310954495
1157506206702944257
1244357397155643393
760628608633298945
1124402903656140803
776565116640911360
700488925996044288
1087127408875048960
1254571934110662658
1156604254909542400
1126463217323192321
1238508529163657218
1251397387047907330
761588969821892608
884604760401354752
1073994284905447429
1210290728984829952
1222978930417770497
1229196233325137925
2861462509
1252749334992629762
2938331301
1252348609028403200
1252111716315475968
754902258148573184
1250978676520386560
315213022
1194471439409328129
1251179620424134658
1250244128337772544
1129098702298243072
1251359357331214341
4866679325
395682462
1158367899108683776
1250935556344864771
1250052620900843522
1250582570879930368
1250676520672202752
1221997384068190208
1163953667550121984
1249146332658503683
1109600172328259586
1250211939386605568
1250132644001693696
2195121403
3856266861
1215786454103838720
1117970611173773312
875866438074028032
798219444891881472
1212893709970264064
1181673731028131842
924016177046802439
1138450573706059776
1158533023043862531
907593736485556224
994954917625450502
989592597885865985
995710569557700608
1174891935133130752
747977595233370112
2199778822
3311573254
1247753487636516865
981177587924905984
1070626866321604608
1121044230221238279
900491373538889729
1226833903304036353
53611203
1216950780441300992
1242965105681346560
2619143895
1246115474657742850
816210641992249344
1088039293543690240
1245514713754189838
1246627317050458113
1169386595235041280
1246472824086302721
4027573101
932566772972249088
818894504887459841
1134778985764794370
825709910885277697
1245340180518703104
825486773186859008
3314350473
868097415068438529
1233474497791086596
751579602573746176
704043578377560064
343439213
1245244535631949824
1244421213667106817
1189029930266513408
1245185695083347968
2616540199
1244849769521876992
1226037534809042944
1244999993896960003
1169048331995234305
1228192652878729218
2864002335
1222250768163659781
259318555
185388619
1010958844904853504
869179254168223745
1136399921056272384
246537086
1244407170948567041
978107064114434048
1242633597313527809
914551937554579457
1387690028
1220913573444116480
1239257914365415427
1166896599638978560
2847039257
1244047301536030726
1170183955900960769
1244005392612458500
1213130316677668864
1243553633108725765
1243766961563144192
1026704122475634688
403013509
1243634289226461188
2372253511
955542563850784768
1243314645898846209
1124012165801893888
1136748996595257344
399134365
1107248245867233280
1242986306453606400
773706586154041347
3314053187
1242883729749618690
853196034
331252069
564762342
3860258361
951977402816753664
1227238858548334592
3397968813
1159895121783074816
856214472406511617
1242566445852250113
1218960369936490499
3167778795
830783193410314245
1116771559060967424
1131708066989322240
1238068179403931649
2149067655
1228419607003877388
1241783659239288833
1242126461370327041
2275514514
1131572214573223936
3221262345
1037306606852231168
357579837
2279059176
1241381877979676673
1204404370311434242
2213036953
745474170062929920
1215283874223312897
1055502688161546240
960541083813011456
1229471938743087105
1219806993558446082
1220583412882341888
777016530957701121
1234214488066445314
217151896
1184517815803494402
1229902826073206784
1023055836900454401
808322108052951040
1237534351820238848
1239924859121152000
1740446436
1086255429225799680
1236116225614385153
1167157820686557188
1150449299785953282
1510922419
1231045887641735168
1238546294861377537
1238093616716951552
1210961131021291520
907059929789452288
1171237568689688576
908102324593283073
1221105127295193094
1234718724550201344
1121819431699718151
1234823680653438976
1237186852098125824
181633203
1086637967677014018
1191418971070881792
1011215229915684864
1062058170451968000
1237193157982539777
2438216595
3796259962
1164145597
953976975340818435
1199169306803744768
1025805338665209856
932343335892783104
1233440451778301958
1133206025413308417
1236750451992821767
1052318573903978497
1201597374927429638
1235329112799145985
936733917230567424
278134700
1187938834769727488
1204952419303641088
902371811937193984
1158485084602871809
340920763
906994323161526273
1024426322125307904
3042133220
983474975922360320
126476660
975086317875933184
2813978379
1067431517280849921
1204217705835958278
1019379809623912448
1234525983757217792
135326505
1234268415524769794
1137905250877267973
1196424084407623685
44433462
4188139511
3723642687
1066510058702471169
1231423240117084160
1232459947126001665
916433665189662721
58905462
1232017282433503232
791765271623110656
2904399814
1231370712960634886
805946243142795264
1213092345744220161
1190377435180732416
315479166
1125759702581825537
4806178461
1230653733794652161
857645355315470336
3947682969
951190954018566144
815972408310067201
1216884637185777664
1076829212345057281
1120149628782030849
1211076006250856448
1214140622208036865
1021746514316730369
866385765240123393
1117975966389800960
1228866972370243585
2979279899
1227325835746652167
877924501283119104
3743431469
1606564394
1213568682644799489
987401940035362816
306489000
890981148989542401
1229741560251678720
935304997088251904
1003823067137740810
4870641658
1188473906514055176
1081783177478373377
1219748699145936896
972206038832250881
875513528345645057
1173448294913204225
1219330021946470400
1228543912756891648
1169449486621585410
1225948923182931968
1103482085455609856
1228329429639876608
1126692842485633024
1170868718953553921
1096041304356724736
855334430767841281
1223211430909968385
1216907492623515653
953316155669741569
947084691475238913
843518429005074433
1206178926361370624
1148754838517428224
1166360440470953984
1097295009655721984
1227040955389403137
774318139249139712
1030515928566517762
824799422160723970
719006234595180544
1226611384139616257
270016350
909512653298700289
442366950
3361391151
1085302213931618309
1104505888201760769
826625209646067712
537680421
917129109116981248
1225448709967753216
1138975887490240513
1181830028973285376
451061215
732964647368818688
928328059291340803
1119689924
1225376242486083591
1058048523449630720
1064254044817031169
1157456928
247545024
912141705192906752
825441204850585600
1852883293
960014946233929728
1193352602672672768
1123089846581354496
2925088175
1098385470369746944
2448678299
3781703020
1140237684906045442
1110996754793746435
1185943449515769858
1161418062664482816
1207709396157026306
1217906304326479879
937121318411079680
1223915841328230401
757242709253955584
840450924
1223753878149222402
882404573566160900
1634148068
1022885188999753728
1011603251811241985
2818211721
1179740653439336449
876522998089617409
774679184
1043137460497199104
406634486
1168355531070889985
762459676462100480
796126746814926848
903409044454592512
863214864621350917
1072245336561860608
1052948616590086145
1219478193423429632
1222902076964913154
240664550
1219315696942841857
1152369134
778014775049674752
1200617208218603520
114049687
758337541120614400
1213482498551734272
957072809762742272
1214399791733579778
1136735701381390343
1172148817153667072
3031145943
1142940599772942336
935334567745073152
1222570791444844544
792389232061022208
1077254501462102019
1100189765566169088
71390736
1518080460
898886519020302336
910568066978865157
4355253863
1101718001529823232
3379381221
1528264225
1142951523594510336
766057705392005126
1083163738797195264
842529929241772032
809167078494240771
1050839945408143360
713152041
914970499045892096
1218728409519529984
4906692118
918319528853073920
1297422888
1045438508893184000
1024803059426385920
173609310
64727411
3050208233
987692238984634370
1220328664329543680
3905554697
1621923211
450388807
794622778397884417
1034942664498716676
781652180549902336
272909231
540390013
1178280725587660807
1678835706
460210163
204347108
3015341403
758067949114621956
1032006900362166272
1702700618
1219088611330744320
708500054626144261
1050148048926638080
1199000972019806208
1158865697390379008
1171583543752966144
1214602109733232641
4098909021
253685777
199464572
958012267441872896
771298477108256769
1305340112
1161472168506662913
1174894805781905409
1211660839939231745
778401969564246016
1206264828584693761
1073403246562209793
1114717010171187200
1053854383627218944
921990142306476032
812146610138386433
1094588670869491712
771860619293253632
1025062407947931648
1215410859050196994
714613748888166400
4389893368
3023599744
1696991059
2730750214
751901235591208960
1193634811761627136
1116422594075463681
1103465899024150531
3228352221
764079121
465632422
793248297939075072
1035499297322754048
922629677042360320
1183487600230850561
1517917232
1198026620667408385
1144249598313213953
40326588
3092496825
1085733866323828736
1179840647685115904
928281182797787136
1204918011074887680
708671230
1103868309408178176
2883862495
800721256307826688
968599801
1066741987540434944
299998486
990327921322659840
3669056476
2965539970
1190738124281909250
3731999601
767144315684610048
2495364955
1211020801979244544
764870108250529792
3834534587
1115446486400229376
973323601289121792
1155654565687111680
1047701656304062469
1117459809631199232
932375915211960321
879904182043635713
2558762464
1110313421776527362
481613413
511073428
826225982688395264
1143559622185357313
1193908486729535489
332252863
2176252885
1211457407869579266
1195919420801114114
952982737908101120
1373872562
938857595577798657
1025163112952020995
1210057666665631745
1001629210107088897
1199644967502798848
445067792
1126929840484048897
989539252164812805
2334703162
767812913218351104
782792234945110016
928631249807212544
1183184954836049920
2253792775
2995221759
170900728
847937802004246529
1140399243410231298
941068363274620929
1052705511274110981
857679915000451073
3403015793
819942779799425024
1120746406262845447
1200836034365448193
1332756979
968669875186163712
818940622946127874
1539642542
1182633314
2341077894
345392777
3296854998
1035717552717131776
936728869746413568
895408157442355200
827044696778219520
1048692348291612680
1045506781550702592
377647368
1139509806652432384
1143174272610918401
1151503251986161666
846981000571867136
1177247024279949313
966350118822785026
1193347325005053953
1083533414572195841
4693580994
777304985117786112
241972029
771132464932786176
863528998772645889
1016057014580105225
356448452
271234630
1063862473047121921
3137129929
1892083944
989264254166593537
887058115929178112
3319164947
957313356368699392
248365480
1003742533808254976
1946911052
781523572086960129
1135058029064478720
925123562251411456
318561251
907968295772585985
721092286046728193
2979089523
1054745097374498818
1196809695698309120
3031697962
992543720825348097
3566132487
2232173768
1119848797310476288
1090399100397326337
1081430220
961810669103280128
866421027194232834
177740413
811735845887758340
872617542174617600
1615769916
1120340174238638081
713609278909710336
1170715989509623809
2868026092
1641516319
3438425722
488983375
2689024176
1135291747867795456
1699950121
967766797901541378
2508934413
1477964251
955857913955962882
872937252019687425
451892185
63610615
821452098487390208
942931880097320960
2670352880
965693073039740928
1037578088
2871522196
606583721
929164026046754816
1198354673129930755
887764165556924417
859218767867506688
1023373294186242048
1017417535132557312
950609395733467136
4675650836
989870154984062981
841951486636621824
955298621775384577
1030177137561624576
1034275523567013888
4616934983
752690175059169280
715292196287721472
960353300238479360
3795069496
817858743731949569
1036640944559407104
1104545750485209088
1175520061521612804
950906306365394944
867184037785456640
317371434
344921682
1175192592411242496
705458058449784832
168382980
791668340444004352
1005876094225059840
1005453782401126406
1043282540826697728
1027597949705101319
200715506
1093303687525646336
802674412646502400
580264562
1172677653901578240
903667409407672320
1072260306636861442
1067905030978760704
1072295671263313921
769286206869889025
736959494945689600
767415036994326528
856275436132761600
2931043311
1012100065538854912
3395079915
1158090186724728832
4496022075
3339413597
2466390535
1150441485214670849
721889745215832065
3421570534
942571670035890176
4488545362
909054523074805765
1187471425684115456
1198333705628110859
877283688895197186
3332028149
1133144717951209472
3001245135
752640351463149569
1255445761
841832679146438656
1573555824
831493651
3961525817
917557728243003392
719020604452663296
4820064965
710244204870569984
997442609881763842
891321804505174016
790327941402128384
1000536017001205761
1045418266221531136
800857038456782849
735239565066244096
887707543434387457
779812427403755520
1123797798862958593
314126686
1187426534967201799
1037136312321679360
925678689915953152
705790024600723456
1329825194
1062855305523093504
726812132843638786
257677491
1104039437309231104
324000109
61941301
989607055131594752
850803047425036290
477505772
744301955544125440
924281271651569664
980634037604835329
809934140334280704
744390270079406082
1924514052
794686074
981672344488996865
1147506639366426624
918001740196261888
1091374042769178624
917868679307710465
760617375553228800
782725922776576000
1022643274773946368
1191772869149253637
1089338045785083908
964161032884277255
1112780889451347973
1025586932246609920
883857162409308161
2211651642
68845734
1226448330
2491967726
724571995
758455894510280708
2418974603
2778408701
991138695498616832
1325644706
730825279380262914
