1265405700106321920
1240267893423685637
1187426534967201799
732759403317841920
107159383
1263460269499584519
1262156312382758913
744390270079406082
778401969564246016
834043927317639168
707972629580398592
56205539
866421027194232834
450388807
850803047425036290
2968868901
481613413
942571670035890176
1250489853692821504
974704447
1198026620667408385
1020297047285665793
1249676078865690624
811735845887758340
1199000972019806208
399134365
373390304
1098385470369746944
466033978
2845026327
1213277044055756800
1242433058567045120
364948910
1194965849238654976
304360376
4870641658
2758924739
229311810
1239924859121152000
1231045887641735168
791668340444004352
701752266
1048761522497966080
1055885526434279424
1517917232
742547824244588544
2911894233
1131708066989322240
329217347
4098909021
758067949114621956
1204154093729652736
970118996405248000
875875903594799104
1234548791795122176
1125830721652908033
2508934413
719020604452663296
791765271623110656
1066510058702471169
1091374042769178624
465632422
989870154984062981
1518080460
3411021999
1191749478086258688
328761097
1105593780508508167
1231352056704884738
1198762604421877762
846981000571867136
1226184001
270016350
2871519335
727329391877959680
744536809380646912
1101626670530859008
1126692842485633024
2232173768
1228866972370243585
1230172787224043520
1149262176210817024
1078136565912817664
715258070
848639795790311424
731311835656421376
872617542174617600
1226448330
760617375553228800
3434274453
1072245336561860608
3339413597
955298621775384577
319348894
1099510225370079232
3448498877
928631249807212544
752640351463149569
2552745975
2199778822
368637075
1045418266221531136
1073374027576676352
1477964251
3001245135
63610615
1523362964
1181830028973285376
444237015
2270726556
737018767553798144
340062512
777016530957701121
1514611710
629529063
889975089118236673
760552204298285056
257677491
1107248245867233280
1121057805132271617
1325644706
1027597949705101319
859218767867506688
1026704122475634688
2591850403
2341077894
909135315536875521
912141705192906752
759260790083944448
3332028149
4890118043
821452098487390208
818940622946127874
1134778985764794370
356448452
606583721
891179596837736448
1144249598313213953
741390803512266753
3296854998
1120573513
711905644362776577
1329825194
794622778397884417
932375915211960321
3241938125
928328059291340803
2491967726
4135536622
965693073039740928
1528264225
1132382898928148480
2274132460
1036732936501035008
1147506151422078978
451892185
1573555824
2950566237
779812427403755520
838542285646225409
950906306365394944
884604760401354752
2277194843
724571995
955857913955962882
1005453782401126406
2187466195
585233880
1040275485480181761
931308104381337601
632542632
1615769916
1118264005380968449
1123797798862958593
910568066978865157
243468688
2159928709
715292196287721472
1219748699145936896
2864626156
2736750357
241972029
1067905030978760704
1892083944
2670352880
1696991059
3961525817
3319164947
960014946233929728
1022878699895570432
1641516319
126476660
935334567745073152
259318555
774240652813070336
727189264451162112
315213022
745474170062929920
1054745097374498818
841832679146438656
1017417535132557312
1013186592247353345
792019400320753665
40326588
4049126944
721127998481645569
1621923211
219113223
194787600
830783193410314245
1158485084602871809
736959494945689600
1158865697390379008
336338662
2883862495
3131496262
1219088611330744320
173609310
726812132843638786
741056228911108096
742139241942163456
942931880097320960
903756177217118208
272909231
800857038456782849
1172677653901578240
2871522196
751901235591208960
248365480
1081430220
1022643274773946368
794686074
3198249283
917868679307710465
1125759702581825537
4496022075
