785405641775087617
959452321095802880
1190173725704015872
1053229046987919360
1249886159112634369
1143995056627560448
758887594268602369
1122113742072963074
1138472566610378752
1005557002213445632
817014530270253057
4704035160
1201181605559177222
1175064996381900802
1228084619418963968
1002631490637828107
1229247925114605569
1022997413211058176
1116422594075463681
893860629471277064
1104904001018048513
1242248753068859392
1155638666162769920
1154808090879057920
1240031495236050945
1176256393206276102
999925760138739714
839581591848513543
1015380661849477120
918849625339121664
1228429879546392577
3231599759
1222300885050691594
1220141599956590597
1153875353817047040
1194377165275566081
1002603079441797120
1190252320354947075
1183489659780976641
1081735022397321216
1114966400181919744
1158920754802675712
1161426431404122113
3125345297
1012100065538854912
1124863412943634432
1154557051902840832
1142099202459283456
1055260003337191424
1160246480000757761
972993577545498625
2867647804
2496095523
1131723733436174337
979420554963902470
1102699367977443328
1001854524951351297
1123396728768671750
1083991950481678336
1063070673172619264
65380812
825873957052092416
847228175566348288
1135671479461437441
1132894634139480064
3346177593
822932255773433857
981679750057021440
795414377256124416
819668497198415874
1117974470176792577
903639339669839872
875862790786994177
1040253345242468352
955166958420406272
752627081414971394
1099993414467272704
1102413167718739968
2394462764
1099022109693657093
1098718912932392960
4789668777
890582633524203523
152675803
995433729668591617
1961240899
999789898860236802
900694485071474690
966059938513637377
1007742205052817418
1032368389250007040
982019578996969472
1068464690475528192
871922815745892353
815647880786616320
948326056087433218
808849198909190144
2674437828
2731662478
2374448130
