4086241565
1073421478895476736
1053378842025435147
1101676674423369728
1213331371667492865
1239820172761972738
1239567722146672644
1084703349373579266
1232400823914827778
1225197081108926470
1421040612
1143703567859167232
1221985324617936896
1225840553763524609
1206635823715831808
1163920260304703488
888169519688151040
2878822919
3078434193
1225617308904718342
1098382593286905856
1196846468721762307
1233992419722571776
2310907446
1159299309336182785
1167758828043194369
795445928928968704
1112885911845564416
1185110298904141824
1127406245177167872
1125796749853982720
843533280209240065
4861466925
2707632472
1150486582690029568
871549043842969601
1104189873165135872
2439281144
3894514889
1004127867842781184
807175816748666880
819599809631977472
1096212691465707521
304096153
3865703835
3082411281
1029114464203952128
4268732061
797870875907424256
958819862469541889
1085527663505231873
1112786148378796033
2830812423
3765535821
867455380623953922
1127256901408960513
834848559430242310
859487984961417216
1155591647973072897
1131609976504553473
1137352839246864384
1024145025972748289
1099900840410783745
871083174486573057
1147908500674220032
742438357192609792
1153839870084861954
2888483254
1025916011525091328
1136140541891137537
887818526899261440
2720216968
1149950309323726848
1140278340093263872
959452321095802880
1138257165783883776
1126609393460633600
2656859315
1132688280905048064
4882998387
2603998321
442006589
1062519696455536640
1099710951731937282
964911718785867777
1103089376546959363
1052612926715166721
524777912
1072938083174309888
1018204884796141570
1060637422764077060
1085996305946722306
3430147205
863482131661672449
983687197227282434
264991585
2613530131
1079003590956584960
974342790757928960
1026999539805368321
709455391407677440
1074998250963234816
1027182953850392578
1115512453968924672
1039361975430643712
1094445086165876736
1104410200847646721
739281050522681345
1065990286357291009
1581371587
816131043552088064
1362816482
996259768065966082
1047306372885434368
1001875166278889472
1080630707360333826
735915292963000321
1057383974564175874
1050145714955833345
1096055505670340608
895690152340844544
954140096042762241
977634474170167300
775009050442493952
1047102561394802689
918635312460566528
909902951258497027
726789463741976577
1066218577223712768
826891431642071040
820429430657007618
876220613077209088
859089800124665858
3318678862
3206860636
766179016822972416
767717504420544512
971901024742133766
907449855899037696
378611736
1370598518
369189077
2567566602
4572935482
769646511219154944
2878929987
1021169042109992975
851927430860345346
715950620897906688
937510890110414849
1002330310829314048
830115323634450432
291360116
888497332018458626
772516729356427264
1029111311655993344
947916902004920320
887828052788609024
1084609438248521729
1064703031776706565
1085148938280292352
1039945676623372290
893765735947804672
1070887656643575810
821050725434327040
1011940778132639745
1034936409889624064
73994644
1069929571087278081
1071537221243715588
901950684303675392
731128237
986768900938457088
1066078495393103872
918695795385253888
1007759870215573505
1064582232382283776
267348483
874349801323810816
973515354143064064
884067604977111040
739213973988478977
2985695233
1018060787246665728
2709518585
1057501715757441030
831132589817688064
750377686845911040
761965039532335104
968272893871382528
2953738067
1055666794634063873
1037592791138877440
1050550039444185088
919766431457316864
897997382440198144
797866237447602176
952669500956082176
1033089243197964288
956570676307120128
839916666616229888
729925241300914177
952758789358473222
1281853939
2334883219
993883957832962048
563168653
925303868199657472
1029417194998784000
1031793544074289152
994446663531089920
1025707337158254592
960450803654836225
1033017181750083584
536656510
895124279032938497
741715811111473153
1028149582490947584
1014946740993224704
3138888151
918703418444726272
1023363166422659072
920858315810398208
1523562848
787779417586016256
965256794347065344
910699446102560768
3383858327
842411468
726446401777995776
946733074485739526
775757284655890433
848356141251923972
901770966799335430
3100659405
452372203
926245633350160384
2928913769
919582812948353025
3383100453
971865932816703490
2665019817
918213390564290560
955866013228257281
793129973682962432
954157268618096641
26250653
4794492391
935523965363212288
932690576398520323
108552921
865138699637374977
926582419955871744
2972521588
921102090226814976
806526244674269184
895690366346833921
334944510
922134375927549954
291360689
837828498429456384
847417825849257985
908054261724073984
2695015757
2283452958
2849072877
1242448514
865243230148931584
2770165449
1585718634
765673874625269760
916054649173692416
2895049209
806649383248871425
739804539214286848
898673175680212993
875524631280701446
845914861255049216
894244921074487296
729054487793545217
890966282258010112
889166286927933440
861311267058929665
334917744
562044035
4870293207
3632784016
838547280881934337
706827813689679872
862883747666022400
2215162476
787411755907637248
773587621536727040
490654964
2849070849
878987610114461698
877765260756885504
878769678683963392
1031576094
817167767212322816
382915640
719342959053967360
854116775763603456
874577827982712833
708110034987839489
797038666535358464
3536482221
955915008
3403213601
840720260638601217
870320326810320897
819380792627437569
871551311808004096
872847738567884802
764123318391754753
860339127304114176
829873217821147137
4868224949
4320915395
867888900848660480
851813265965432833
865767793974800386
771006706209947649
861716591167328256
859197509876502528
863502288891064320
863460984316448768
858346833508278272
846118498556428289
854566703254065152
856992628969271297
859479568750718979
1533763908
852572595102855169
793763891394125824
858454482061066242
3025690330
857237733168885760
856095698865061888
4077770357
2828216667
818243676975562756
854115798348177409
783139239215202304
2453103159
785967774875156480
853077640005255168
849986355174289409
849994626480185344
850303456187490304
849393792151166978
847545976466407425
3900908547
846867628392157185
848983133940854784
1954756586
840317210543456261
832330790008737793
845048340417056768
800335504784752642
846833974366404609
3073840979
735296425257533442
1947142248
771016003149033472
846770411694161927
842165397621202944
1090467204
818436872506576897
805705363660173313
805704160813391872
836378155187384321
715552140920492033
718233058558808065
752188912790040576
811297402611204101
790217938213167105
776001681129603073
719792749042659328
805860188133687297
701046521748439042
712720966435127298
754744496911446020
701047048297168896
715958640503615489
806515509172862977
784123629999128577
794291705080061952
810204142320971776
718561354706235392
737998071301279744
729281567789559808
733586185629491200
754915161606123521
752189830747029504
835517407460536321
809138872064114688
810436916013363200
720515578126036993
800720201591291904
811300617750794240
811299273253982208
787309106768011264
772588934098481152
808390669819645952
712712798715908096
811158857028435968
716809719000743936
715518840805978112
811159939884482560
808781856955101184
721413089925730304
775739869477933056
732976286860185600
791972503065427968
804750209309872129
748284041544212480
746350180702822400
731512866545774593
796824838711156736
797135220239634432
749681204916580352
800842100703170564
712436694205800448
809406647835754497
1533191730
629105825
718707276
2744793484
621243535
1656876374
1642208731
1544925577
3301818919
3342466984
569539327
1544891190
1561723897
1561666134
1542237499
1637156720
1606675338
1542761419
830472928450007041
2551919024
829370253440331776
749059836839682048
844185929510281216
841760331194068992
3462460163
751521111272292352
2660668208
4867717007
748186680541188096
838434186239311872
3109052632
806908619740430336
774335614250524672
795301493498871812
1633473457
839862294486077441
2426333376
4881642543
2899283237
528888256
2646557629
835951180165562369
835273500663418881
830432711915532294
3141434251
818278782423470080
2312386479
835840460891512832
2244230754
811587171249520640
814973099795943424
2924823960
833240453701066752
797164736446156800
833851089824911360
831496213149184000
4926464115
825896508553834496
798277802701258756
1242746065
831110180259635200
828291551226900481
828323637505773570
816727579910696960
809402794939662336
827854007364354048
813269578339983360
823986886335143939
825041427033890816
821759548520275969
370245807
821432501491077121
4850250401
728446322047492096
815822801449914369
2445797773
812959671019601920
787573023729528832
814735251792535552
1583021294
817551178015866880
817182824394584065
755598917589471232
3239333908
1584185888
814252379801612288
811482727098687492
813749012708741120
811707563800756225
806294399776759810
810151200251383808
4902196299
806876601539579904
795451372758044672
2684346063
806051700419084288
805213901851869185
4493805802
2768494962
804833255459528704
799366479909163009
801365297068290048
795457985514442752
798285587614748672
794217479874691072
797452436311044096
797814419195564032
727149874303655936
782366367366471685
789607079090806785
795651669912592384
795333464967020544
755843441683107840
791769743774642177
794942512905486336
794378710904356864
792060592865611776
794612826379784194
794726866896744448
794879965879828480
794140449762058240
794881719765782528
790997953905356801
794700689092050944
783782551227863040
794676263931772928
792157754429415424
771671049196806144
791173301884358656
763053673001914368
2490370387
793163208647475201
2926118249
791603589529481218
791315077097984000
792726167182778369
787456347591716865
783736085964808193
787055266722410496
778945932343771136
783002627403546625
791455817987948544
759859738322477057
782543272795340800
787240336838000640
791010182050578432
787003027580391424
782363364139888640
788704554497912832
788674386182176768
788102577967816704
768448891784134657
783129564038004736
771894045404565504
2720113468
783098168934367232
782927034246987776
774657557638029312
773797379581542400
775015151418441728
780615309694644228
786369848548950016
786232922948919296
785893399874371584
4923981491
769735222833229825
783333269051805697
766531274001354754
776481018878525444
703551709503758339
387087801
781423886764220416
1941628304
153564703
3092659835
775561689697751040
738207295016828928
838098116
764977305659793408
746047861461258241
4916463144
727552396042330114
738517767939330048
2461725529
2857120211
2433856796
2834368179
3131439579
1926589830
766793603435859968
3325564641
725081946800414726
2681439410
743157312924295168
764281663765504001
739252001528250368
334357574
3008067442
3224503439
4320662974
313095919
1955140459
2998192329
3503787255
714745729554718721
746676683739119616
746052155346325504
746045694457286657
717344574260318209
2447064143
2661306067
163585974
2657216005
312242073
742507968084738048
735922946208899076
4425586120
4827277749
4828647329
4138651035
736016036261167104
732303079119437824
732957704076025858
4595863767
700416871946985472
731852746815623169
1740268094
726561267603902464
726409840638189568
4375700723
2730918792
720013951631802370
708861305390632960
708468483529515008
717729573719437313
3624852435
717021626731216896
4885101819
708250706327773185
708702941922852865
4648855545
4324948875
4899925449
2511457815
701422606029877248
703140333224202240
701824558349819904
2899938279
4899927771
4869803585
4836829013
4818277163
4797136229
385674638
2225293652
4063924071
369773997
4483254437
2317921195
3073089365
3229691785
2886186076
3087242277
3137327860
3134977239
3120676631
3100943585
3045366334
