1017199664515436551
1193352602672672768
885594535878938624
1124402903656140803
1250244128337772544
1218960369936490499
1175520061521612804
1230899646349955072
1239257914365415427
727189264451162112
1250978676520386560
995447730641174528
4098909021
1054191862880329728
1020297047285665793
1228352036355420165
925881479888031745
1249036751424892928
445141751
1231770121905025027
1186857395697442816
1041358255367192576
1110996754793746435
1246284903815229442
1245571341530497024
1083167993822150657
3339413597
1545509534
1176825076064432128
807955762848944129
1187859330793693184
3351559312
1175434327875837953
1067777807886049280
4852501161
828710519464984576
1115272747087749121
1242965105681346560
2864626156
1242417355088695302
1242222556142342148
1169329375499735041
1234528210852904960
1193700122443616261
969407363512983553
1229902826073206784
1238218533571616769
1236116225614385153
1193192576515543040
935334567745073152
1201992602947653633
1220054438817210368
842391852644999168
1238027708568948736
935832485577060352
1180864129348841478
1184273441001746434
744390270079406082
1133206025413308417
1235329112799145985
1201597374927429638
1217906304326479879
1037578088
1213720433947598848
856214472406511617
1217254893318299648
1234525983757217792
1222259780540162054
3936135029
1214246856261132293
1234268415524769794
1233549155429163008
3043728663
2925388246
1230668002091245568
1211040459734171649
1233157395779641347
1220913573444116480
1204154093729652736
1110931442308206593
1232710863762620417
1232415578729697280
782725922776576000
1232017282433503232
1210961131021291520
760617375553228800
1231423240117084160
878041517088223232
732759403317841920
1011766762914877441
1218728409519529984
1220538881352880128
1229196233325137925
1008852977124368384
1230329724666294273
950719479687864320
1229877775647027201
1087127408875048960
2438216595
1229741560251678720
1134622250039205889
1187105099010707457
1228192652878729218
1228419607003877388
1228169868869943296
3430701496
757959631264223232
1138936822141280257
3332028149
1135679763480272896
1219088611330744320
596007163
1225448709967753216
4476343468
917868679307710465
1120746406262845447
1037888376832188416
2446174844
1103482085455609856
1223753878149222402
1018941765485776896
1166522784606015488
4820064965
1606564394
1172148817153667072
884604760401354752
1075038009500819457
912141705192906752
3580716263
1220911480977096704
1220852578436644864
1217877996847222784
848241229116698624
1219489194936016896
1219294620254965760
1217769550294540288
903667409407672320
1217864127420555276
989257583352479744
865262922842468352
996930248947240961
1214996318835421185
1178672369856057345
1216483108654063618
842529929241772032
1215283874223312897
1214940714003513350
1167429816884350976
1214694304247173121
1213482498551734272
1214223367852544000
1212863886405193728
1158865697390379008
2758924739
811735845887758340
953976975340818435
989870154984062981
1195919420801114114
1030177137561624576
1147506639366426624
3031145943
1209136191808950273
856275436132761600
1208577810652106756
794686074
1158761562821337089
730825279380262914
1135058029064478720
1702700618
1199000972019806208
1203875143463981056
2670352880
1205865675954229248
1204918011074887680
1131708066989322240
1198427124358627328
889301868136062976
1083533414572195841
747208305811001344
1055215820790472705
1199173349072613377
1050545194930720771
1191014314037202945
1181034420557504512
1154032055350464514
994058488681848834
1198648996815921153
4229255871
960866679940108288
1197298614516752384
1198026620667408385
1180666913246056448
726985191877672960
1193634811761627136
1195871388780957696
1190461489930539008
1134301344532238336
1194064374404698114
1094451467203821569
1194965849238654976
1194750664141873152
1188595739288621058
2826697590
1091801714250956802
1170868718953553921
3131496262
1192128316481974272
1332756979
1189713574345793536
1189712025657729024
4813966702
940039564734767104
825709910885277697
950609395733467136
1153323770708398083
1187316226147733506
1136369618661072899
1186961330948972544
1163978987993014277
1185927647072784384
3023599744
1125830721652908033
1084286906186301440
1077013853798567936
834769943040229376
955298621775384577
866421027194232834
1180983843513389058
1180235206709710855
1002781605017112576
1042196279374295041
1164388674307538944
1014552232266739712
961810669103280128
1159148548098859011
1037855829943365633
1172881877784506368
2809379373
1085733866323828736
1171237568689688576
751579602573746176
1158367899108683776
1170766048720805889
1120410664651112449
1169460137884618752
1169386595235041280
1169048331995234305
1168043603538714624
1126463217323192321
766403706665496580
719020604452663296
1167175538357800960
997984137918210050
1166441573992808448
1151210412437884934
1165663429853679617
336888695
1004910678958837761
716418772073058304
1037880613565603840
4496022075
1024426322125307904
1163678798900076546
1084474564434952199
1101601903421636608
950396874028212224
1141468348875776001
918196379213881346
1057082396997283840
1022643274773946368
1100479333452447745
1158299574907351040
1161663795401560064
1093303687525646336
832032010738753536
980634037604835329
1074405941553098757
3411021999
705458058449784832
922788706666405893
708671230
170900728
816210641992249344
1037323267504320513
580264562
752640351463149569
1070114361623101440
908474903350923265
3915125902
3319164947
736959494945689600
1098387698459570177
3395079915
1023055836900454401
715292196287721472
497114969
1041280293489958912
1155524972003188736
1138994394613374976
1157507411030269952
952982737908101120
2921763207
2871522196
1156613570555195392
1156573603812524039
1157170981141667840
1007729974286143494
1090107766411272193
1088867932371857410
836827051139137536
4355253863
965693073039740928
909054523074805765
116434023
555440889
1062855305523093504
1041132300916977668
1148275428353855488
877283688895197186
1146910194267492353
1105173109852827648
877924501283119104
891022638239318016
1150468072790269952
1150447366052425729
1150243082539032576
1025163112952020995
1030523683847266304
1052705511274110981
1148227521701404672
1094650918316986368
1145847132852822016
1022878699895570432
1025447863382433792
2279374428
3310954495
1010354795662725120
1030626236245131265
1114717010171187200
1048761522497966080
1142153265418821632
955281813441843200
764183330543861760
1121236062188253185
972206038832250881
1140749013077188608
1634148068
1892083944
1067905030978760704
1932338682
4508576729
942931880097320960
824799422160723970
723936698208534529
1032006900362166272
1125759702581825537
1226448330
735239565066244096
1118140291494612993
1011451879933534213
1052679333565743105
844881159767162880
1017417535132557312
1036706454701568001
1066323011576434688
767415036994326528
1052338687948787713
934961784838148096
830997849672409088
2730750214
1029140958
1019379809623912448
1129767876091621378
1053037692655677440
958155176359194624
1116862458692550656
767144315684610048
1126692842485633024
1032317805348179974
885180365786292224
968669875186163712
4738420696
34319516
980948847676534784
1060989273703436289
1104545750485209088
907408981802541056
925678689915953152
721889745215832065
3834534587
1126929840484048897
752690175059169280
1030081292807929858
525675361
1124012165801893888
761588969821892608
1039314075665215490
1123797798862958593
955542563850784768
1123412781397626882
725057885370195968
1122726339038056448
891179596837736448
1096982161729732608
960353300238479360
741827734222065665
1081735022397321216
937121318411079680
758387182272905221
765693241496838144
797525720373358592
727329391877959680
1120479455229689856
1116771559060967424
1119793865647697920
1093951607732084736
987401940035362816
953286338123583488
1047701656304062469
816441222785073152
942571670035890176
880221228346347520
1117970611173773312
1083908696932057094
1081783177478373377
1026704122475634688
835241370713526273
3566132487
521802611
1007427883495813125
979553322997706758
1115446486400229376
1115414648214437889
936618659270856704
1113189539349258240
1115283863503278084
1064655615807639552
700488925996044288
1083189095692668928
4701590693
967893814089265152
758063103225495553
4870923189
1005453782401126406
888372365754806273
1053982971093495810
1036732936501035008
937873706872909825
1052709092622573573
1107450330051153920
1102026575065812994
875875903594799104
992543720825348097
3670236563
960014946233929728
986358743234498562
1105212736349396992
1103754463972638720
1077247453320134657
1045418266221531136
446511187
817858743731949569
779303126885163009
1010958844904853504
841951486636621824
1045454427224768512
707714122624978945
875904725958438912
3928823392
1046432252870184960
2206633390
51511508
1043282540826697728
1078034867487756291
2271706543
907059929789452288
937872079629836288
1072627164774846465
1072245336561860608
152675803
1065753633160142849
1070817568187957250
815468915853848576
967437825347112961
1696991059
981672344488996865
871374150811701248
1036723115680772097
879207343090802688
830783193410314245
1045438508893184000
859906041521336320
951567217359015937
1031894506331824128
1053854383627218944
4906692118
879904182043635713
993291819558621185
989607055131594752
883857162409308161
914970499045892096
932343335892783104
1036640944559407104
3302342061
4127828129
884886581315874816
846981000571867136
166276771
827905204683169793
803420224469041152
782449608727339008
750826231008993280
2769015617
248748850
158312947
3176786613
4532823863
3439253235
4905814293
4685118012
4850605120
4102297517
4850398456
4840855186
4883770865
4870803573
4407035187
4465968503
2881578843
545486197
4100350756
1017428671
3731306902
2883288579
3121751141
3319658417
2502466477
3142352536
3048288657
2830231054
104288368
2984903606
