1114206529253773312
184050310
1228381759924002817
839976158204743680
1213232051567988736
959452321095802880
53532830
1085444876316098560
817021558501834752
1118730745256738816
1170766048720805889
1163895869512593408
882104356681781249
1168896517689806848
724076909584375808
990327921322659840
1101601903421636608
708671230
1103482085455609856
1100521470458060800
1135291747867795456
3395079915
2893617701
1089261522256318464
1054913005387948032
3669056476
704043578377560064
2951318181
1069008248920072192
961804072968888321
807955762848944129
1892083944
1048761522497966080
4700433616
753394535938584576
1032681317488451584
883081865988628480
4431813455
798687743232589824
1018941765485776896
965717560636395522
4911744551
2187466195
868968959915290625
999830822713741313
996507401460346881
873746772908269569
821500469856075776
953447149408260096
766810322774716416
910568066978865157
2230186536
960756434865618944
902934528087511040
3295814153
754795816833912832
2871522196
833768058707640320
1733892578
853788354269384704
847937802004246529
814247743937880064
814282952909660160
2816806923
125785391
3412438107
3427175711
769199185451180032
1356989492
775144996752265216
753542011257516033
3100694932
744693006557646848
734052976730484738
712456653963137025
710172142592196610
2619143895
4893899015
4261455142
1276335020
3137794325
2369434547
3050208233
