1140324356154961921
801100887846514688
1188698883544756224
757987723357683712
1200836034365448193
794622778397884417
1175192592411242496
1251993888551776260
180893625
841832679146438656
1089338045785083908
1159619930343559169
1514611710
777016530957701121
1252111716315475968
1250052620900843522
1231367724762357761
1240860891471634432
415166344
1121180290909708294
1221823126083964929
1070059813126766593
1004757181063933953
965077357517312000
1135058029064478720
1245561893059788800
1220017613239091204
3160296417
51511508
1161018570916159488
87491849
1244336906030153728
708671230
1218960369936490499
1242883729749618690
1240943189659435008
787964673333288960
1238546294861377537
1235329112799145985
1230244813590663170
1043282540826697728
887058115929178112
1208162900407402497
1197129959237705728
1170766048720805889
2270328115
2238347803
1235326696745771009
1211083238388588544
1234268415524769794
1234437478280499200
444237015
1183933371237441536
1170868718953553921
1231352056704884738
968669875186163712
1229741560251678720
1201181605559177222
1169449486621585410
1228192652878729218
1172677653901578240
825441204850585600
750459364956336128
953316155669741569
1167157820686557188
1173425622586134528
998609450490646530
1064714595850510342
1223753878149222402
4874615213
939619914570223616
1216907492623515653
1221241183017558017
1219748699145936896
3385091591
1199000972019806208
1219769111028420608
1199702753246949380
1023373294186242048
1213130316677668864
167190820
2495364955
1216195048376872961
1045134464962179072
1161472168506662913
1214602109733232641
1048761522497966080
1053037692655677440
1116771559060967424
990327921322659840
1158865697390379008
4738420696
1041132300916977668
1115430062965317633
1199065486023114753
1086255429225799680
856275436132761600
1702700618
1204845067757862915
980999314943209472
1205819107955884032
1203875143463981056
1077013853798567936
1203840219679797248
1203475380339953666
1098246812635447297
1098361238801862656
1083533414572195841
1183912591845924865
1140399243410231298
1196809695698309120
1163953667550121984
1000908479723397120
1196424084407623685
918001740196261888
1138438272
1190000221893353474
1178749984591826947
903406933360685057
442366950
1193192576515543040
1181012931552714754
774318139249139712
1189713574345793536
1025586932246609920
923297881548877825
1144006515923324935
2437233792
1183093045228724225
1187218794340589568
1186961330948972544
1008852977124368384
1052022925782642688
875866438074028032
924281271651569664
1183710552062943232
1180644421769019393
885180365786292224
897646955739967488
1177341446057340929
1101601903421636608
1060989273703436289
1083456288946831363
917594189789126656
944710315824082944
1169048331995234305
1020297047285665793
1157002258816610304
3031697962
1166843707804540929
1182633314
1161708646084042757
1100081241368477696
1131697710699036672
1153480000064184322
2705350123
1019379809623912448
1160607047416713216
965693073039740928
1158693547400466432
1135291747867795456
1157991019423698945
1083189095692668928
1155127158823694337
1156770067243261952
1157347822938800129
1156380145218924545
341692782
898886519020302336
1088867932371857410
1631028157
1070066768
1146462117589127168
4355253863
1125759702581825537
921141354872401925
1147988602942611458
1148227521701404672
1096982161729732608
1151599262473621506
1131698916926349313
1143659295579529216
950609395733467136
922629677042360320
1022997413211058176
761647263802331136
1146577140214841344
779781095399325696
1006273011832492032
1147506639366426624
1147506151422078978
1146948336739651584
1069368203208507392
1142514614699266049
922788706666405893
704043578377560064
797525720373358592
903756177217118208
1085444876316098560
747398576704229378
1126929840484048897
38559575
1135687208504057858
3412546071
2800964574
1112780889451347973
703060018329985026
1034275523567013888
1133144717951209472
4449549575
1131572214573223936
555274306
1131560996491976705
1131557465118728192
1120064055119577089
153944347
963925220196257792
1130579200883273730
942931880097320960
3940067745
1125531925211484165
705458058449784832
1127692181530206209
1124738696216031232
1123797798862958593
1066323011576434688
993291819558621185
940162187355738112
1114689597332701184
960353300238479360
1123000343816806403
1076801621122781184
1115414648214437889
3043728663
1111672318194003968
1023785336286183425
1053389690617905152
1122726339038056448
1121738554756018176
1060107452383985664
1001908237057261568
1118264005380968449
309350092
791006489066541056
727329391877959680
1118946764063682566
837752918308683776
1057767593552023552
1069124870515101696
1047580036205879297
1115929533532856322
1117965962148503552
1081783177478373377
1107450330051153920
1066510058702471169
1110988301866074112
1025447863382433792
1116408236025032704
2611980665
1115446486400229376
1115283863503278084
446511187
788457138985271301
957313356368699392
1113968119217827840
1007686526828974080
715310101872173057
1112134233248710657
1037888376832188416
917557728243003392
1111060823420604418
79098691
486122775
735277405309374464
918196379213881346
736731223704408064
1031894506331824128
1108432919821996033
1108102559686905856
895408157442355200
1047901960660299776
375299468
1107638458305204225
1107438700168912898
1084635241921347584
1105212736349396992
866421027194232834
1105141146286731266
1105225896405934080
1105593780508508167
1103754463972638720
1027597949705101319
1104039437309231104
790186824798994432
738507402983669760
1084286906186301440
1101953645275475968
1049106088262557696
909054523074805765
2747904059
1099510225370079232
1099432981645717510
980998674561032192
1096253289551810560
1095417244128030725
1094650918316986368
4258321875
899309099468431360
254681630
1092520689201020929
1092522506064482304
3846563122
1074631629245689856
56239212
1075602010626551818
3092496825
816795796863614977
1080889715690213376
3000641686
1072976758780190720
1086789395200512001
2772139257
1085733866323828736
1080943021896667143
800862540548964352
314897315
925123562251411456
1026704122475634688
1072260306636861442
1083167993822150657
966350118822785026
1080500661383516161
324000109
938929247594385415
870659255107555329
378324637
2271706543
1077767418729123840
424381894
1924514052
932343335892783104
1073062424591384577
3164495573
1034942664498716676
1314844878
1034004879977730053
907059929789452288
930175599464865792
1073403246562209793
767144315684610048
883357032820207616
374620064
1034194231630462976
1073156065204846592
926983456474660864
497919440
965717560636395522
1072295671263313921
1072245336561860608
1071247155791310849
1052363863243415553
1051980782032617475
872937252019687425
929459147736862720
1070312792400506880
2833190837
618503251
1067953494429233153
4809447886
378381843
1510922419
953286338123583488
1069008248920072192
4482852563
973342375761326085
1068838608763785216
1006928111135576064
846116484187328513
730815521483046913
2905847603
1702245114
698232561110294528
320473110
432171610
1066457326897516544
357679799
1056266052286509057
719933650805067777
230293384
1067431517280849921
171040389
4080057322
3331828805
1066820740991905794
998760571825737730
1029207424924835840
829419241346650112
304150048
794184757630406656
1064647573598806017
1057263149483622401
1064293008294715393
761588969821892608
1038931044379049984
1063577349139169280
1058847883720568834
1063458105055428609
1062270225209614336
1060355544979042307
1060353998140653568
898005171808206848
1030409518633680896
1052685046824329218
932480089421426693
1058846835605938176
1058010539744550920
541257274
2872413044
1000536017001205761
1056655326601244672
1037880613565603840
3314497029
765257683075207168
89022857
826629669843828736
1049431598247108613
898663393388900353
1053854383627218944
2921763207
959165149801320449
1053764244582338560
1053452984435253248
1036640944559407104
760617375553228800
877283688895197186
1052338687948787713
3654874637
1052028442751979520
1039316961375735814
68845734
1045438508893184000
356448452
1050148048926638080
4236759975
1005453782401126406
772924506067337218
1049335075282857990
1049064909147963392
914940991177707520
1048552162542985216
981672344488996865
253685777
1035373613279600641
1046901019920273408
1700220656
4917087513
1044354426218131456
930852158941122560
188779224
1019067318926823425
140957673
1041942814534328320
760552204298285056
3427146166
2730750214
1036732936501035008
1040824849579614208
884886581315874816
1028473307849469957
1015235629368692737
992543720825348097
831251768847769602
1017176037845884928
980615920111489024
1037855829943365633
143295916
1034271040686497798
1037323267504320513
3303915670
1036723115680772097
847937802004246529
1026134244261851137
1032022341587480576
425174145
2669671909
1271218200
532530937
1011646543445839872
1032673520252268544
4028774194
1031912851043168257
1032006900362166272
746145570205622272
967766797901541378
4363933577
2777609375
1028733179178483712
864902566815072257
1030177137561624576
987401940035362816
1030081292807929858
937872079629836288
847197392705400832
782725922776576000
996930248947240961
1009248946055798784
1164145597
924274358452998144
790327941402128384
887764165556924417
1017417535132557312
1028046236165779456
2638311220
185745992
960890575112335360
360281934
1024843434954317825
1023960764539957249
4166567715
1024831580211240961
772972740420702209
992145041387872256
3332028149
481613413
1024426322125307904
1024406136575979520
891074987481845760
1022885790492372993
1009479014199840769
710172142592196610
487657383
969352008883998720
956699111255887872
1022643274773946368
1022546476617158657
899456167386152961
902934528087511040
1019490440859602945
4913381080
23517718
759248454732374021
2279059176
1016518057601257483
744301955544125440
315479166
1004872442186293249
1703139530
756302316429570049
2825342288
1018941765485776896
954472321498181633
1018563433091026945
752690175059169280
722877678
1014301572736708608
4098909021
989539252164812805
3411021999
1013924730598903808
783748082714501124
871871330655842305
414017427
4507698201
1011215229915684864
1467086089
924792275263217664
829940198775672832
511073428
719020604452663296
1008735333154992128
782792234945110016
1007421424447950853
317371434
1008465559271493632
195201527
715292196287721472
1008335444210323456
1008717067388964865
3010591527
1004910678958837761
987692238984634370
1007966774351065088
767812913218351104
1007358122925518848
1007729974286143494
766057705392005126
890981148989542401
1387690028
474925177
951567217359015937
1006540161432334336
1006293068268691457
764183330543861760
3140873446
961810669103280128
1003979487854448641
840168790826614784
725057885370195968
1001629210107088897
3341035642
866763985902854144
1000762995478269954
959505863873613825
744390270079406082
805463772341084161
986694795258220544
997118163706957825
996974536523505664
996507401460346881
78972338
991766937217785860
3524695037
995490413145411589
889301868136062976
2293108508
47658227
980460037960339458
889291290541793280
980634037604835329
4794879030
980152740608401408
812146610138386433
988598590670032896
749787258878849025
989607055131594752
721092286046728193
3386773019
989264254166593537
465632422
988408051643363329
716354557006229506
987410645946654726
817858743731949569
809590037092462593
178773670
883857162409308161
2418974603
954749522734997504
950906306365394944
3314350473
985882357512196097
513763673
875720308107464705
974088537980243968
983474975922360320
376530085
981000513679429632
739497369000153088
4127787623
980980868935233537
980884735076560897
955977280144199680
3834534587
779303126885163009
979896139112747008
773706586154041347
978068930588704768
170900728
975186834069315584
3670236563
880221228346347520
907930638568783877
888045381233278977
973616877569265665
908474903350923265
779812427403755520
322230210
2327549005
332554600
65517712
856214472406511617
973323601289121792
972206038832250881
937873706872909825
970118996405248000
971502363855945728
401715232
963798229795180544
339068648
444292668
485683229
369879117
804708793
1183738148
2570061834
565793781
2195418368
3062428967
861951759933112321
149380033
336594573
900491373538889729
932057378505228288
969546485271613445
541073996
890407189181059072
809893777594875904
3030720453
714613748888166400
1696991059
993421711
732964647368818688
900624869037150209
958718855685255168
765693241496838144
955542563850784768
564762342
955857913955962882
346046158
742134735095377920
960014946233929728
3106479195
914970499045892096
849666890553323523
257934688
58961382
958197730404458496
40556203
4135536622
878041517088223232
901488453724012546
936251825652666370
460210163
1640911310
848639795790311424
780895563051073537
955456334908084225
377647368
935304997088251904
737189195622547456
816210641992249344
894250106379272194
715258070
803369895601827840
953976975340818435
811735845887758340
802674412646502400
4027573101
951830851876196352
2424099313
935334567745073152
4852501161
2869918636
830531259017334786
606583721
1377682141
910568066978865157
596007163
2813978379
2491982594
948263127103295488
3131496262
2758924739
431055247
943494800447242240
721889745215832065
792019400320753665
731311835656421376
174320204
734052976730484738
308631042
368637075
2871522196
938946719685005318
938173624007217153
938548594868674560
741714245444866049
936733917230567424
936618659270856704
856629963042299906
932375915211960321
1569076862
925678689915953152
786594666221297664
736997503128735744
1226448330
886596797157834752
4659641315
872925999389954049
4568158347
917868679307710465
3295814153
4488545362
4508576729
824835968356216832
857679915000451073
918996681584250880
100019889
92842514
771298477108256769
872617542174617600
279185182
847474199224397825
859218767867506688
778401969564246016
909883173185744897
3412438107
808322108052951040
871123615256915968
863490006970769408
41275334
726812132843638786
907837673330573312
887716497048600578
730427603392278529
864295027681497088
288873943
776565116640911360
758063103225495553
2249399281
834043927317639168
4229255871
608581629
842391852644999168
890764072718929920
2341077894
901515736245579777
900287321333014528
899387850432675840
1634148068
318561251
808498879545098240
868968959915290625
891179596837736448
550638262
712783135574999040
886739741856739329
884782892739678208
883081865988628480
804930614558425088
879783952214634496
859425314396622848
3053380228
846981000571867136
2851746556
721127998481645569
737018767553798144
870108347378413570
2868026092
3669056476
460639914
859906041521336320
809934140334280704
503416107
752640351463149569
863890237226967041
3339413597
758067949114621956
809559141626900480
741390803512266753
859237045868351488
4616934983
816441222785073152
2950566237
1523362964
1569173316
757770796815245312
1699950121
852536303954669572
473391338
2883862495
3324080122
1377689053
336344062
711905644362776577
375362218
839271833375543300
774240652813070336
1119689924
842529929241772032
828653274697961472
730940995127250944
747912187482677249
759260790083944448
799433618020040704
832385222373232641
832549014587527168
381215681
759962155647107072
833333878035193858
818940622946127874
777304985117786112
4919534327
827542187143487489
2911894233
828048290688147456
450388807
4127828129
744536809380646912
152230389
821184665667207170
3112368707
4675650836
340062512
818468368793632769
800857038456782849
3432326315
4828078371
173609310
540390013
753430775094243328
4765963807
735239565066244096
771178896804892673
1305340112
3395079915
807955762848944129
786381641396748289
800721256307826688
2965539970
2496270194
798697029237112834
769976421162909696
1573555824
4885640152
743075081803468800
760628608633298945
4870641658
791765271623110656
793224836025843712
792850534021693440
792389232061022208
791668340444004352
2345076329
785295879859306497
754795816833912832
778623556007653377
778522419887824896
777597048241680385
300632941
1329825194
771906909230301188
771132464932786176
770396106329128961
741348969201143808
2508934413
765704239305940998
578034467
763019566779891712
760649366394834944
760318048087732224
758699838309621760
758455894510280708
735257413754970113
2951318181
753730890996518912
1611985830
750804124799791105
750368090991497216
749582841391054848
885350804
736005162033139712
748688501412159489
748205854915182592
747976609404194816
2277875372
4049126944
742345688672043008
3170727487
742547824244588544
741056228911108096
343841366
3406255445
742139241942163456
2736750357
741802465058816001
709125353797771264
2334892588
740718004627968000
739970646218838017
736959494945689600
537680421
3529185503
472080070
4826484184
3403015793
471121695
734564265336709121
734374428444856325
734123418090627072
3050208233
998150238
580264562
714629045208629250
732890003756490752
732759403317841920
243468688
1529421416
4820064965
4890118043
308472718
3969261753
4796023281
2941724529
728365907408490496
2238320189
2670352880
727687539679711232
727189264451162112
725428038213718016
709536801900380160
863165934
794686074
1938453860
718484122738520064
3496266383
704421234864496641
717767977291157504
4865677275
1892083944
555435642
2279374428
716418772073058304
1615769916
2259379050
714139367913209856
1621923211
1157456928
2817209158
2997190858
709841851428294657
710244204870569984
329217347
2225758974
1858121539
292485713
4906692118
851280355
967214240
3358648270
2175096907
3513208414
2758930169
448885629
3421570534
3042133220
119177171
3228352221
3198249283
4847918229
542842063
4764666410
4718066921
4713798987
337867589
4569926422
4568088561
4504600696
3081971703
2926266112
4467434423
3862247572
2395207771
1517577656
4145212954
4054247056
4020841761
3961525817
3837660735
3744468377
3723642687
2987252735
3326103351
3434274453
3432145744
3475838957
3416698109
3433437148
3210622223
3303693374
3394807515
3393082126
3296854998
3357977073
3386476425
3383471097
3311271887
3319164947
329272432
3307293321
3306679665
3306308896
3294635146
3257182523
1120662589
2736080058
3243468658
3232769369
2689256587
357253620
3128419033
3122477749
3095289681
454173338
3090356738
2322526243
3023599744
2343890245
1241943228
3085045133
3090148841
3047791304
3062551893
1385613301
3018821451
1095107678
2966826003
940416289
462076437
2968868901
146973080
319348894
2724596013
471210577
1898779680
2929366041
2889817822
2156592215
729004530
2877892607
2778408701
2729862215
499336412
1651266055
2424908498
2231826895
401322618
2757905086
284174357
2750397879
2705178368
2741156850
2718879844
853196034
1723740014
2733360359
2232173768
124933107
935118836
1732885484
2685471260
2566432845
2725766626
2714489884
320428671
2722191159
2670017947
1526150168
624862361
2270726556
341799705
2187466195
2612794784
352506687
626962425
2605823708
2626885709
2557244190
427062179
1081430220
2466020233
372595545
2471250829
2507344570
1356989492
2432786316
2408091984
1436884746
126476660
2332053120
2223841498
757577419
466033978
2420696616
345038188
315213022
270640477
159533014
1539542244
2211651642
38083485
632542632
548215056
1457733558
522487226
321793993
704275254
2186379883
2304737477
1539848604
561675267
445600614
1523372929
722671375
351178597
1636737360
519927681
125338152
417219597
356776382
252171136
219091174
254103839
1957085316
477123325
70530349
378422778
1635842647
1911079748
2184027137
1660912052
1628963876
1904727061
1270764494
2180869104
864917575
238973329
58576769
2157160052
2155984561
373640856
317371685
379235430
484003675
298108744
1063270550
1373872562
181647741
1852883293
352488887
1732474668
1700518946
826152794
344921682
445067792
451892185
713407681
1851601982
447434805
93080678
526583328
575000667
62983267
501208048
1496426461
1259906640
350859184
