1042775759771889665
906195444224622595
1249752014445314050
1189619496325177349
2734534541
248049658
93448069
879904182043635713
1131708066989322240
1216424117546749958
1120311452240437250
1199386107487621120
1248712537375412224
910407656
1249924778959478785
1217774817459478528
1218728409519529984
307060923
40556203
1242244579258249217
1183224088938106881
1110996754793746435
1158814010969612288
1245514713754189838
825486773186859008
1231045887641735168
241972029
1191393826415489025
751579602573746176
892410690920755200
1113226997646360576
1219004295338766338
1241870534926905344
1242126461370327041
1040275485480181761
1234525983757217792
3777381875
1220913573444116480
1242605288714383367
1218960369936490499
898985378018983936
1165273558358138880
846116484187328513
1096982161729732608
1241381877979676673
1089338045785083908
969407363512983553
229311810
1238218533571616769
1229902826073206784
232721991
947084691475238913
1228866972370243585
947533772601348096
1168906105830948866
1231770121905025027
1237193157982539777
2468126882
1235329112799145985
1235697377387974656
1198354673129930755
983170365244563456
2772139257
1234268415524769794
2911894233
764183330543861760
1215756075108093953
1223060842536755200
1226037534809042944
1232700986185207814
1054745097374498818
1228498867513102341
1210961131021291520
1183487600230850561
1231352056704884738
1154032055350464514
986052181135675393
757242709253955584
1230653733794652161
997279003672240128
1147506639366426624
1202937171591741441
754534702418198528
1097159525134671873
1228701329369030657
1171583543752966144
1229741560251678720
953432097028440064
1208162900407402497
1228192652878729218
1227207077522702336
1227040955389403137
1224667858116009985
1221279419123347456
1225448709967753216
4476343468
839581591848513543
1198005310453174272
1215045085504724992
1223753878149222402
1222978930417770497
1222912339336405003
1170183955900960769
1222563301726588931
1050148048926638080
1216191506542923778
894252786845712386
935304997088251904
1196578958877372416
1138987027695845376
1220653494924988416
1157002258816610304
1220452983630188544
1220511168869163009
1220017613239091204
1219748699145936896
1219489194936016896
1219478193423429632
774679184
1219330021946470400
1219088611330744320
1218902707525820417
932343335892783104
1332756979
1043282540826697728
1217753355331743744
1046507240881115139
1126687895748628480
3002082682
1123672419640774669
1144006515923324935
1038931044379049984
1134561106821885952
1094588670869491712
1050058468810469376
1216195048376872961
797611039542099968
1151688700620890114
1125886195551092737
958012267441872896
2914753948
1201177706815209472
1214602109733232641
1214507853370855425
1210762853071777793
772093740605403137
1131623344003006464
1213130316677668864
1210915395231596545
1207028583824330752
1212832103341027328
1212756091559235584
1116771559060967424
1205044643420889091
1209831170290208768
732890003756490752
1038838234829283328
1211457407869579266
1195919420801114114
1025062407947931648
1209136191808950273
856275436132761600
940416289
1146178121445650432
1152423368395763712
1113964792899952641
1166360440470953984
887764165556924417
1062748656573579264
1199702753246949380
1208577810652106756
1182414348171579392
1175175076456669184
1180399198925049856
1053854383627218944
1207466705024405504
1084474564434952199
2330791405
293259481
1702700618
1201641087632326659
3094949987
399134365
980999314943209472
3427295374
1176951657948692481
1181691040987783176
1121057805132271617
1194214533734252544
1203840219679797248
1037136312321679360
1204560394964086784
1033892691896135680
1067777807886049280
1204404370311434242
1203994996308926465
1203875143463981056
924281271651569664
1152635437229510656
1203046058089205760
1200246810436128769
540399245
1180905898774061056
1202308775677513729
1045506781550702592
962031454623383556
1188980860961349632
1201840774251450374
1083533414572195841
1199366802045841409
1197204156303446016
981177587924905984
2300846610
1200136819024764928
1606564394
1013134095239565314
1050545194930720771
1199644967502798848
4203712319
1007347017109131264
1199000972019806208
1161472168506662913
1198258039700250625
1198026620667408385
1041495980053614592
817858743731949569
1197521887045324802
886048952591712256
1197363949425111041
745297624262148097
1196809695698309120
321028430
1057078900050800640
1196424084407623685
702968869623865344
1017187506272571397
2869918636
1195474388214304768
3834534587
721092286046728193
749802741506121728
4098909021
3164495573
3357977073
988598590670032896
1171561174812504065
1193634811761627136
1192422467022807042
1191014314037202945
1192959963934732289
1051175811322179585
1189006991634632706
1192128316481974272
1011451879933534213
876522998089617409
1192041352881684480
1191749478086258688
1185280340941856774
1191474568118095875
2677026610
1191149738818707461
3654874637
1150869184131284992
73263057
1189657339693084674
1188647112080269312
1189713574345793536
1144249598313213953
1009248946055798784
752640351463149569
1187471425684115456
1047701656304062469
3408893667
4715471968
918370235241107461
1185943449515769858
1027249255667384322
1067185577999691777
975799740632829955
1178451514492358657
767415036994326528
1185679570760060929
4152990179
1187474497948938243
1187316226147733506
1126463217323192321
1163978987993014277
1080569403291389958
1072970833348440064
1077013853798567936
1076171076038811648
951567217359015937
1182515842438909952
1184180662615584769
1170868718953553921
1183808320072814594
937873706872909825
1183232182447476737
946892345814941697
825709910885277697
1125830721652908033
3198249283
1135329652510199810
3302342061
955298621775384577
1182081049540608000
834769943040229376
1180644421769019393
710223892552544257
1175080251787010054
735277405309374464
1179246681105321984
1120746406262845447
917557728243003392
1041132300916977668
1085772340452122624
805463772341084161
1177383916904296448
1177400837842395137
1177244039491543040
1177341446057340929
1177247024279949313
1081576810192793606
1106185695255805953
4027573101
3411021999
1057082396997283840
1118316405601046528
918201369236049921
1001629210107088897
1162519081305681923
794622778397884417
1122726339038056448
1045438508893184000
1107248245867233280
1173970698638741504
1055215820790472705
1174819889619619840
741827734222065665
917594189789126656
1128082573492617216
944710315824082944
3810012135
1172677653901578240
3961525817
877283688895197186
1030081292807929858
907059929789452288
1171597884950757376
197623357
4913381080
1169048331995234305
1154493941804351488
1056005723610640384
1163165443890323461
1167214875912937474
979420554963902470
2758924739
908474903350923265
811673614600798208
1165815985351385088
1086255429225799680
1164388674307538944
1160707545033510912
718313803352567809
1161993622805450752
1117982610284777472
990327921322659840
2730750214
1117975966389800960
1052363863243415553
899309099468431360
1165075836493619200
1165040542629158917
1161481699760508932
1064227671243218945
1161708646084042757
1163249584119959552
1158235289158131712
980634037604835329
1158299574907351040
716418772073058304
1052338687948787713
328616695
1017417535132557312
1022878699895570432
1015235629368692737
1161963983492005888
841428382432796672
950396874028212224
1145795003203145730
1226891808
2979089523
1021988196303949825
1134255418769907712
1102026575065812994
883857162409308161
1005876094225059840
1081783177478373377
790327941402128384
1158449776368791552
1039487064721575936
1028388258831585282
1158039710851391488
1029713374974812160
1158474503246233601
892830300140601344
1158865697390379008
941068363274620929
1067905030978760704
3054143037
1053037692655677440
1123797798862958593
1156770067243261952
1156613570555195392
939284463179231232
2456819094
1000450434543374337
1143822488356495360
1156380145218924545
1023785336286183425
739965133951229952
1146910194267492353
1154593622626570240
1152397249130971136
1139981898858606592
2220024877
1101601903421636608
760617375553228800
1153315978161414145
1085444876316098560
1105212736349396992
1023381682576154625
1060989273703436289
1130630662741004290
1151210412437884934
1142958695468470273
1151599262473621506
2334703162
1148227521701404672
1131698916926349313
3412546071
1143659295579529216
1078381920076136450
2270328115
4408398015
1022218790208241670
1081735022397321216
836827051139137536
1029042177538699264
1113587144675811330
1142967209192505351
3015341403
960014946233929728
465632422
2289047611
1120845349202157568
885180365786292224
3427146166
880221228346347520
764870108250529792
730940995127250944
1097295009655721984
752690175059169280
967766797901541378
802674412646502400
1011396970366357504
1147506151422078978
1029793820433625088
734143675400368129
1146462117589127168
1145000541807894528
2730384376
1144952064033873920
1143728409182425088
2911813894
1120479455229689856
3669056476
1113605709457960960
1105653281676820480
1010354795662725120
968669875186163712
938525591623610368
918001740196261888
445067792
1030177137561624576
771298477108256769
1140001251318517763
976691142912872449
1138438832653840390
758337541120614400
1115430062965317633
1036723115680772097
1136808565379862529
1039314075665215490
1046420228438134784
1111649270577463297
1004910678958837761
841951486636621824
949830924962861056
449045786
1088039293543690240
974795907643445248
1133820787620831238
1131697710699036672
3137129929
1132806445521612805
1126644237523722240
511073428
1078034867487756291
267501555
798697029237112834
744536809380646912
940039564734767104
41762863
2868026092
305270301
744390270079406082
1130499493017870336
1072627164774846465
1105662612262539267
1099510225370079232
989539252164812805
942931880097320960
758063103225495553
1111383494918316032
1103482085455609856
1010958844904853504
1126929840484048897
1117993961384230912
1125759702581825537
1125587803461627909
1118694956422529024
1123617499814166535
2921763207
1077655636878479365
1119848797310476288
926985373904986112
3025918443
1058051667172696064
168382980
1120143256136843269
1119793865647697920
748649144848363521
1119632665596968960
1118294902083915778
1118264005380968449
422248425
928574734366896128
1118140291494612993
1117965962148503552
991138695498616832
1115808808683675649
159316724
4080057322
1116726876125519872
3438425722
1114689597332701184
705458058449784832
1045418266221531136
1115651183320883200
1110931442308206593
1115658747785797632
765693241496838144
1115106883294171138
200981465
1026656150362710018
253685777
1111996465285685249
1054816505723006977
1007686526828974080
718094393949995008
2242953498
1019253416059719680
1086789395200512001
2271706543
1110768110137683968
816438050544910339
1108102559686905856
1047901960660299776
1104834582376038401
1104134211995348994
1105950675073204224
1005453782401126406
1011215229915684864
1106303886288130052
1105593780508508167
1104216167378493440
1104355720315715585
1103754463972638720
1104039437309231104
324116725
986430560280236032
1101626670530859008
815468915853848576
3043728663
1018993462404898817
2611980665
324000109
1091801714250956802
1096073490032148480
998760571825737730
855994933634793473
1092522506064482304
1092520689201020929
76765629
917018616012398593
952392826091982848
1050570168974368768
932566772972249088
1036777445846904833
1084486681556860938
748864032204087297
1058847883720568834
1069368203208507392
1080858177120489472
987692238984634370
1073374027576676352
1078634135546183681
1078631383566901248
1077254501462102019
1070312792400506880
1076489548979412994
1000454029586165760
1073062424591384577
1072259870550843393
855334430767841281
1074508595360882689
705790024600723456
1024426322125307904
800721256307826688
1072291467027251200
1069008248920072192
1012100065538854912
983474975922360320
725057885370195968
989607055131594752
1064959194720333824
402622041
1044354426218131456
1064293008294715393
961804072968888321
3524695037
1018941765485776896
2281472862
1932338682
1048761522497966080
286429960
847937802004246529
1030409518633680896
3332028149
859906041521336320
1032019652568907777
1022643274773946368
1054151171512942592
3131566403
1053316155430068226
1052282011413635072
523683771
486122775
425174145
719020604452663296
1037083240765562882
1027597949705101319
1039130413581692928
4496022075
909599249561718784
1038924347027726336
1037855829943365633
830783193410314245
1031912851043168257
2277194843
1023411090355617795
981672344488996865
1013186592247353345
1004842146589966336
1009131850537816064
1008717067388964865
1008473831089065984
866421027194232834
1007966774351065088
1006540161432334336
1006730751319134209
816441222785073152
1005810360442552322
2187466195
878041517088223232
992140843145363459
276287123
999830822713741313
989870154984062981
959609263403520001
889153470498058242
3099615579
841372481143357440
989257910420213761
2279059176
937121318411079680
973323601289121792
779769104106418176
852224049145139200
980170670381453314
987410645946654726
842001264732958720
513763673
423055285
396156003
284220697
59358106
929875130888704000
983522250979790849
916968812699881472
982393037144944641
907968295772585985
978436482850574336
965693073039740928
503416107
61941301
1621923211
966080191771627521
935334567745073152
930185432113008640
923297881548877825
489852505
309350092
827752104139902977
975474649827078147
888045381233278977
911629165555744770
973616877569265665
972620619828232197
2418974603
971220827172671489
162779830
359546291
3437844309
950906306365394944
969053531050336257
841832679146438656
799433618020040704
2992601410
362816354
875875903594799104
737018767553798144
965077357517312000
964663509945643008
868968959915290625
907930638568783877
953040102774722561
3421570534
809934140334280704
956358626851115011
766099241056043010
957072809762742272
958197730404458496
792019400320753665
3915125902
802375525708820480
102588994
559707888
436615280
955918299279364096
2164549957
1430408468
3066580703
67699833
954749522734997504
355165647
955523194852651008
206419968
362131298
953632970883166209
953976975340818435
719295468245774337
759962155647107072
742139241942163456
710172142592196610
869584514758193152
766057705392005126
951830851876196352
442366950
830531259017334786
782725922776576000
759260790083944448
910568066978865157
859425314396622848
830997849672409088
821452098487390208
859218767867506688
918937488034496513
942571670035890176
934978318532833280
936397108864831489
600538326
900491373538889729
3131496262
2871522196
938946719685005318
791668340444004352
767537727000702976
1573555824
319348894
915330709371461635
936733917230567424
925678689915953152
936618659270856704
936251825652666370
808322108052951040
752962535733723140
935108493270450176
834043927317639168
621143768
3135424169
3882876142
400423382
932375915211960321
931308104381337601
930503188586868736
867185186404003840
926477790341459968
930278469203841024
2348540007
116434023
475474811
2906983072
377731539
926395736434053120
890998808217341952
377647368
1699950121
4616934983
596007163
3296854998
825441204850585600
112800585
746145570205622272
914970499045892096
925123562251411456
918222538353840128
911344460
3386773019
846874262690545666
915584292956377089
3295814153
173609310
4917087513
742547824244588544
3566132487
2297050331
918769821105446912
4075484969
176500739
827994970602745856
368637075
917469382120476673
1894816412
915417581028352001
915635124024348672
913744887455109120
784886411614904320
3723642687
785660198644019200
905981193258196992
220714605
910381577854750721
173181998
885210553538490371
758699838309621760
888372365754806273
2616540199
778401969564246016
3020545601
906986914150076418
885216418744201216
776531959602446336
808498879545098240
701220816885784577
904863596898906112
904851770492542980
902934528087511040
903756177217118208
902524980960927745
601173711
498975710
902010796200341504
899452193476104192
774240652813070336
346299823
3496266383
871755236217585665
894665751289880577
898011708605837312
820112695001284608
555135854
872617542174617600
1215183306
3319164947
883081865988628480
892547319127838720
890407189181059072
190852607
890764072718929920
790658163137613824
886387010637893632
238201573
2904399814
2175096907
819188376733708288
769286206869889025
146930804
362784854
886739741856739329
886457355273199617
1634148068
731311835656421376
735239565066244096
884093287740604416
3403015793
882041649047666688
754133252131127297
873746772908269569
167217989
877924501283119104
347370957
62969144
704043578377560064
3273373928
856629963042299906
1510922419
2322526243
874045253992493056
847197392705400832
846981000571867136
2210554663
1098627139
871123615256915968
870108347378413570
3339413597
865399184777633792
868097415068438529
868659821645623296
868550858358837248
779812427403755520
787964673333288960
747473169993375744
786728865620189187
2446174844
827684807186534406
737076912112160768
375856923
857679915000451073
798175772989124608
770049586647986176
3053380228
857247993090772992
203645860
856961663555305475
762459676462100480
856214472406511617
855208711748497408
854833550587305985
800857038456782849
778029170211299329
733004686475853824
847224198120353795
848615493514788864
742293682439761921
751247278929809409
845526323317628929
838605719402340353
2832640840
794822454
362115266
747208305811001344
726812132843638786
842882414582120449
2324513960
3862247572
2344079839
839271833375543300
102791557
3112368707
774411857595666432
2353563204
1696991059
370247692
838583865073680385
836590004914765825
838472404603179014
1615769916
771132464932786176
1892083944
831481335235674113
3120138698
270016350
2813978379
732964647368818688
759248454732374021
2717534717
2279411588
3322002857
448885629
832385222373232641
792850534021693440
741348969201143808
832549014587527168
824589193259208705
814602301616832512
606583721
827661869716475904
828040511680299008
1523362964
829428754380255232
827542187143487489
828625605356814340
1157456928
828280189717196801
827913129275305984
826552720865841152
1226448330
826202355821604864
318561251
4798322777
62983267
1305340112
822975671999807488
747977595233370112
822981864591945728
787773391055060992
2779336503
747912187482677249
821184665667207170
2274132460
707712734847213568
3326103351
819884151490887680
3081971703
818989225253150720
3820557148
818507526710972416
353722365
2941724529
817502987581030400
808038658007793664
555435642
2747904059
815756198582648833
743853612309315584
3648999256
337867589
813817468519088128
730825279380262914
170900728
1329825194
809167078494240771
807955762848944129
4300271189
3448498877
804930614558425088
761945906958696448
972497965
344921682
2324787158
758846294345474049
2479132789
2228453911
66401368
801079788198830080
3151996677
1545509534
2938331301
2950566237
798178263319375872
614640749
727189264451162112
2965539970
736997503128735744
784548252586770435
729004530
57786062
793999155970658304
4890118043
773293442483032064
792389232061022208
1645362600
715258070
791765271623110656
3050208233
794686074
790378720989212672
3781703020
758069376302055426
2225758974
786431075794944001
754795816833912832
3707701575
2806342491
942124142
778623556007653377
778522419887824896
2883862495
716683600964489216
774428379495956480
4824361335
3412438107
3475838957
767812913218351104
727259119984496642
760552204298285056
701529696022962177
770598505463283712
766810322774716416
3496470801
1526150168
715711067637329925
760649366394834944
756646265543327746
757770796815245312
471121695
753394535938584576
2491982594
712688197663371264
619799604
2951318181
2223841498
4355253863
469871542
2279374428
2211651642
749788643741536257
750804124799791105
2978737331
4826484184
750368090991497216
749582841391054848
746859726735032321
4693580994
727144763670016000
712783135574999040
715210538
853196034
2776797717
4865677275
1569173316
741390803512266753
727273489103769600
4049126944
580264562
1232759550
709593846536151040
732759403317841920
3407936427
384844805
724571995
740718004627968000
4870641658
373390304
734206275991527425
2997013091
714613748888166400
2758930169
336888695
1387690028
726908332888449028
2560118696
4767340720
3434274453
706405051
349854919
4691446334
736968431233339393
409935567
3042133220
3241938125
704079909136822272
736298034812833796
578034467
