707972629580398592
1089338045785083908
1080490852538073088
1094451467203821569
1255540207719452672
989257910420213761
1194965849238654976
1200836034365448193
757987723357683712
1175570644148396032
1231045887641735168
940048876160950272
1158485084602871809
1183487600230850561
1254907645850529794
1254823425937416192
488983375
1250244128337772544
1238508529163657218
1126463217323192321
1253864177795465216
1197363949425111041
1253162683593109504
761367413967446016
1550935238
836827051139137536
1072260306636861442
1251993888551776260
1252111716315475968
1252348609028403200
272542534
856214472406511617
93448069
1157506206702944257
1158865697390379008
1129098702298243072
1012722738975428608
1228169868869943296
1251359357331214341
1011766762914877441
1250927628825001986
1250052620900843522
1250978676520386560
253685777
89022857
1219437914616213506
1250549249965785088
1250676520672202752
1048761522497966080
1221997384068190208
918201369236049921
721889745215832065
1158367899108683776
1022878699895570432
1138987027695845376
1250211939386605568
1250132644001693696
2195121403
1216278152
1213544109681414145
1022643274773946368
1103482085455609856
1249752014445314050
1248983793295405058
337363154
1023373294186242048
1245340180518703104
1248451540618076160
1247725770795081729
730825279380262914
1247992511668334592
767818044513058816
1247753487636516865
1200617208218603520
1156604254909542400
337496579
1247435261673439232
1247365890443743232
1246945859029422082
3437430177
1246115474657742850
1226037534809042944
1246627317050458113
1196953194666119169
1246472824086302721
1246284903815229442
1217254893318299648
2957766797
1245571341530497024
1216202256569262081
2438216595
1239365285603352578
1041168744351850496
751579602573746176
1024406136575979520
1244421213667106817
928328059291340803
1244999993896960003
1218728409519529984
1234878374046289922
1114267409123303424
1242668954847510528
185388619
871857604275961856
3031145943
1242965105681346560
1606564394
1234214488066445314
1243553633108725765
1067431517280849921
1243634289226461188
1134778985764794370
758887594268602369
303002760
871507052195192834
2925088175
1375604510
1010958844904853504
2847039257
1219004295338766338
975086317875933184
1218960369936490499
1240943189659435008
1024803059426385920
764870108250529792
230832093
1193352602672672768
1242222556142342148
1234511808196681728
1172148817153667072
1242126461370327041
1201181605559177222
876522998089617409
764183330543861760
975007604358500352
1164664860434673664
1231770121905025027
980941943134965760
1167997516807323648
1240479703884070912
1239627141731495937
747977595233370112
211683553
1231768776053600256
1229902826073206784
1236116225614385153
1239339327005560833
1238882617682001923
1238068179403931649
1238546294861377537
929164026046754816
1210961131021291520
1238093616716951552
1119099998010871808
1220054438817210368
1207709396157026306
1237193157982539777
1146910194267492353
1237102206689718272
1217906304326479879
1233858181673168896
1237060099581018112
885180365786292224
767415036994326528
2979089523
1208162900407402497
951977402816753664
1236750451992821767
1089380355600277504
1168326916883058688
1235920860030132227
1133206025413308417
1175434327875837953
1235329112799145985
1233474497791086596
1235662805778534402
1204952419303641088
1231352056704884738
373390304
824799422160723970
1234189511980130306
1095148060643131393
1234525983757217792
1199897539325186048
953976975340818435
1185757933092724736
1017798534857478150
1157763026730266624
1231423240117084160
959165149801320449
736337006817599490
1054393607124385794
1233836773219950592
481613413
744536809380646912
1126692842485633024
708671230
1036640944559407104
746145570205622272
1232017282433503232
1231370712960634886
883857162409308161
1170766048720805889
1225448709967753216
1225649504981942272
774679184
1225139809800413184
879904182043635713
1056266052286509057
1178280725587660807
1195365020290494464
1224811093769572353
1194471439409328129
1224660161106776067
1110313421776527362
406634486
1184651089964142592
1223915841328230401
1223753878149222402
778014775049674752
3427295374
1091374042769178624
1103868309408178176
1216191506542923778
1222253000447746049
1220913573444116480
729004530
1218715256400293888
1214664561518940161
1045976780132286464
1219748699145936896
2159928709
1217397838310727681
887707543434387457
1214694304247173121
1167545802056785921
1199702753246949380
1216908345577222144
1216884637185777664
808322108052951040
1204918011074887680
1166896599638978560
1216195048376872961
1215756075108093953
1215655174750048264
1212137744362696705
1215283874223312897
3403015793
1213231214468796416
1214602109733232641
1213482498551734272
1214140622208036865
1199644967502798848
3015341403
1213667428325965827
740596827339247616
1100548394668445696
1213130316677668864
1211076006250856448
1176825076064432128
1042122290803236864
1213065128112820225
1212832103341027328
1110350722414116866
3654874637
1209831170290208768
477505772
1211627332705742848
1174666463556395008
1211457407869579266
1195919420801114114
1183911942391586817
1203361222080548864
1211040459734171649
1210862789507420160
1183020997080944642
1198354673129930755
1210359130965319680
1194077428647432193
2971811890
757242709253955584
61941301
1131711659075100673
1052318573903978497
1208455462141779968
4913381080
1209136191808950273
1204220608046911488
1187471425684115456
1204898603527004160
854785482
1037136312321679360
771860619293253632
1207903310512082944
1003979487854448641
771298477108256769
794686074
1206565457022599168
724571995
3438425722
1206264828584693761
980999314943209472
1205865675954229248
1204560394964086784
1203840219679797248
1204667186272444416
981269894124785665
1150468072790269952
960866679940108288
1204404370311434242
1052948616590086145
1203875143463981056
1151503251986161666
1200246810436128769
1115808808683675649
1148047853945872385
1113964792899952641
1062748656573579264
1190916359212949504
857201879700393985
1083533414572195841
1199366802045841409
1200528344175054848
981177587924905984
1121070039526989824
1038077930503659520
1200136819024764928
1050545194930720771
1198903506662576128
1198673229054955521
2833190837
1199537576388038659
1107248245867233280
3178199296
1162780920014934017
947084691475238913
1198792064009416704
712424843254362113
1199000972019806208
1077013853798567936
1161472168506662913
1198258039700250625
1030626236245131265
1075038009500819457
925678689915953152
1094588670869491712
1198244796093124608
1198026620667408385
1197924493806768137
1197833559073050625
1197572712534859776
715310101872173057
4355372775
1196809695698309120
918370235241107461
1085444876316098560
432171610
901618063480692736
1115272747087749121
1086255429225799680
1125830721652908033
1115430062965317633
1193721948204916736
4098909021
727329391877959680
1194750664141873152
1191474568118095875
1194656357615644674
1194453758786310144
1194214533734252544
4098313102
1171583543752966144
1194077571182473216
988598590670032896
3164495573
3438713309
1124012165801893888
1191772869149253637
1188980860961349632
1192128316481974272
1192422467022807042
1158404199367008256
1192184937182646272
782725922776576000
1158599157789188096
1187892806125342720
1191149738818707461
1191402792881131522
1175176195631136768
1153037059256463360
1180235206709710855
1058773361353023490
932343335892783104
4284897736
1187725914433576960
1189718315389857793
730940995127250944
1189713574345793536
1189712025657729024
4813966702
2697024868
1189150130127167489
745474170062929920
1188838095141134336
1067185577999691777
1142965913144188928
1188698883544756224
1052338687948787713
1188616703325937664
1149764088186249216
1187474497948938243
1187316226147733506
1144382547100622852
774318139249139712
849264241320374273
1186225453377429504
1185679570760060929
1182633314
1184877592362586113
1185943449515769858
1118659747224412161
1219695186
1092917836085899264
157385776
1184165007392694272
1573555824
1061660481193152514
1180905898774061056
1539785179
1183346774775422977
946892345814941697
1122113742072963074
1177349048363339776
1182240630120075264
803756336706109440
834769943040229376
1145847132852822016
1180573421207523329
1142940599772942336
3403075540
757959631264223232
797559638468259840
1180983843513389058
1545509534
719020604452663296
970998673080545282
1174330429538754561
760617375553228800
1175080251787010054
877924501283119104
1170106315982684160
1131698916926349313
794622778397884417
1111900477317410816
1176701586548113408
1177424448183590912
979420554963902470
183816307
1131708066989322240
3059324531
976216568089796609
1177341446057340929
1175520061521612804
991138695498616832
1177247024279949313
1177244039491543040
1173608523160326144
1120746406262845447
821187749130698752
741459744741789696
1122699173466443776
1176288186080870401
1023785336286183425
1119848797310476288
1092253110628765696
1173425622586134528
1001629210107088897
1858121539
1051175811322179585
1060989273703436289
1175192592411242496
3135424169
1108030372783247360
1037880613565603840
1135058029064478720
1170868718953553921
1091176993700413441
1172694972958728192
952982737908101120
1169033527213600768
1171929796827389952
1158817159507775491
1169449486621585410
1166522784606015488
1171237568689688576
1146535953852522496
767144315684610048
1170715989509623809
989985334246215680
1170767880658542592
894709683172323328
359510574
1169386595235041280
1063603849372545024
994058488681848834
1169048331995234305
1112780889451347973
123402487
1086789395200512001
893498455334768642
1015976172944084992
1157002258816610304
1168043603538714624
1029902023431544832
1167894476494426112
1118312267014180865
1138975887490240513
954852132947185664
793242296875646976
1166144863018074112
1165815985351385088
1162705012692344838
3810137423
1144249598313213953
922629677042360320
1057082396997283840
2466390535
936618659270856704
1061386459519877122
1164163750657744897
1163165443890323461
1163249584119959552
1109103248848416768
1153346304757645314
1158235289158131712
1120845349202157568
990008320202330112
786594666221297664
1116422594075463681
1009523300563865601
1072245336561860608
1161708646084042757
1034989432720564232
1160707545033510912
1158480927821090824
1161481699760508932
1158148867642277888
950396874028212224
1116771559060967424
980634037604835329
1148385860099936256
1153315978161414145
951190954018566144
802674412646502400
1160214505294639105
1147506639366426624
1158449776368791552
1157476647173537792
815468915853848576
1086637967677014018
766403706665496580
936728869746413568
1157897726207635458
1158693547400466432
47658227
1138610699557642240
1158041390720409601
979553322997706758
1144937029245001728
1023055836900454401
898886519020302336
1158071368409407490
1158039710851391488
1080668069939294208
1114590365967888385
1157507411030269952
1052591986635628544
1156770067243261952
404984031
1156613570555195392
445067792
1148275428353855488
867184037785456640
1154493297425080325
1154493941804351488
1143822488356495360
1156538070306557952
1156380145218924545
1065338550852468737
887764165556924417
1155654565687111680
1155241919997513728
1088867932371857410
808094667380297732
1153825521467363328
1153413809199038465
1142967209192505351
1154353269084434432
1057723279119671297
2730750214
935334567745073152
1067777807886049280
1100140007308828672
4355253863
1123797798862958593
1150481853335449600
1157456928
706274250894807040
1006293068268691457
1100479333452447745
1150559613613477895
1150546509420736513
1022218790208241670
1150243082539032576
972671312132018176
1150447366052425729
1079468388156694530
1088617762828767232
1148227521701404672
1148188634593583104
1147937989840035841
1147573253189357569
1147506151422078978
1143193668737818630
1131390716813467649
1147247416564994049
1146462117589127168
302737796
734143675400368129
1146506961032273920
1142514614699266049
1145000541807894528
1145534273228853249
1031597168
1144952064033873920
1144334176491134978
1077331382131658752
1082266995264028673
959968074421166081
930960058896257029
943635955986116608
2905847603
1144032681950351361
925271260770205696
1052212202516570113
1144006515923324935
1029550153039052803
1126468893088808967
2377813303
1080241158025105408
1027390561815289856
831632069092638720
925526759826755585
723341319477846016
1028284663134085120
1107696135794278402
1143677194767671298
1077247453320134657
1143133498548600833
1142193543076896768
1142960725427707905
1021988196303949825
1142481442821287936
1029042177538699264
1142173942188335105
1141436311636762624
1141490221147709440
1102026575065812994
909497572879929344
934961784838148096
1121236062188253185
1138881181980745728
962836033850302464
1040824849579614208
1140749013077188608
1053854383627218944
1140356674299056133
1140411120060116997
1008717067388964865
1140280690581352449
1140237684906045442
1138153711170179072
1067439034111311872
1139703273630392320
1139153343870373890
1040011519105396737
1138940788371525632
932566772972249088
1136626686311751680
1117605923663560708
750215839
1138276412283138048
961810669103280128
1138143274798067712
1132653095446618112
1020297047285665793
1136428016400248834
1137905250877267973
928574734366896128
1136800320321970176
1136264189964632064
1046420228438134784
1136671997092646913
1101626670530859008
1136498107397619712
1136086481095843841
1136413346306101248
1136333449340608517
1134979084973498373
875866438074028032
1087892114837590016
1135353231079555072
1132017177769533442
1113605709457960960
1135646583616409600
1135687208504057858
1132409791219945478
1133148236221427712
905437392328425473
1133535758848016384
1114655857671843843
2897344143
951567217359015937
1134301344532238336
964161032884277255
1134255418769907712
1134229623460573184
1043282540826697728
1110931442308206593
1125825431553368064
1133144717951209472
1105653281676820480
1030081292807929858
1036706454701568001
937873706872909825
360850630
1133058531572277250
1064655615807639552
986430560280236032
1077694667330854913
1132768578451726336
903667409407672320
841951486636621824
1120064055119577089
1132029952830922753
1131350689978957826
2176252885
1117975966389800960
1110930232473731073
790327941402128384
1010354795662725120
1131572214573223936
1083908696932057094
1131425231724318720
1034098955301412865
710244204870569984
922788706666405893
1130907520334258177
1124738696216031232
1129767876091621378
736959494945689600
736590566482448384
1646537970
991785332176760833
1123822629381705733
2225758974
1097295009655721984
1071247155791310849
718313803352567809
1125531925211484165
705458058449784832
1114689597332701184
1096073490032148480
1081783177478373377
3302342061
1091801714250956802
1126929840484048897
1125759702581825537
2327293829
1126883151018692609
955542563850784768
1019379809623912448
820653051677708288
921990142306476032
497114969
928469263689580544
909512653298700289
1009949212849655808
52557799
923297881548877825
889276418051518464
1036709169867509760
3331828805
1072627164774846465
924281271651569664
707978862983045120
1118264005380968449
967766797901541378
1122726339038056448
1050058468810469376
1118730745256738816
1119134720887939072
1117982610284777472
442366950
4258321875
921141354872401925
939284463179231232
2780629871
1118946764063682566
977036042921566208
1334983782
153944347
736731223704408064
1057767593552023552
460639914
929875130888704000
1038931044379049984
273005016
58961382
3372827481
4107555611
170752944
257934688
1006341251388583950
2539999211
745297624262148097
862853686741139457
1700220656
475474811
2864626156
375299468
1147784948
958012267441872896
817439859606491138
793253893782310912
954472321498181633
1115446486400229376
1115092797823037441
3707701575
895408157442355200
987401940035362816
732890003756490752
774240652813070336
1012481278694907905
4870641658
1105593780508508167
1028031227201302529
788457138985271301
1068838608763785216
735277405309374464
1110768110137683968
4786966491
979171828802490368
918196379213881346
1105212736349396992
3043728663
941068363274620929
1034275523567013888
741840692276822016
461940166
1101718001529823232
1057893917780250624
976552359164895233
817463729679958017
2495364955
1061376235136319489
1942577035
1020137076375851008
898251089614602240
1093303687525646336
907311662851608579
3092496825
2343890245
68845734
969352008883998720
1095018649906266112
1094650918316986368
1094036815076577282
1052386788814311424
3593147356
1900977679
1092825174737649667
1092522506064482304
3348572194
918812137409179648
162262171
1090415113386057728
1089555759162146816
1088039293543690240
317371434
957313356368699392
938233637237084160
4038510441
1088443772206084096
1050570168974368768
2269108717
989524195792048128
1087129952594604032
1086264598699954179
1047919198721204224
1086064830409334784
1086070702585925632
4889111032
1057833416056627201
966350118822785026
174820964
1082727874950508546
1082712230871875586
1080184740274151429
1079399825395904514
1082329761853128704
1082323770558300162
1069368203208507392
1081760908303613952
1081494785695907840
1080858177120489472
1080593024994942981
899309099468431360
1641516319
3795069496
1079947064610557953
1078631383566901248
1079871321876639745
1069701441084895233
1079231560157745160
240881497
1534453711
1078034867487756291
2271706543
1028388258831585282
4896280527
1045869334181097472
1067905030978760704
1924514052
1075119221275795457
332679388
3669056476
855334430767841281
916473123632971777
891111404668936192
1044939924334661632
914651736291278848
1073403246562209793
1069607172915544064
937872079629836288
1073156065204846592
758699838309621760
761588969821892608
996554670750535680
926983456474660864
3668475137
376540225
832385222373232641
1072291467027251200
1070312792400506880
1071191568453955584
1068212106414166018
1067151101235990529
1069369955219636224
1030523683847266304
1069008248920072192
1068956609831948288
1008183558337425409
1006928111135576064
2274132460
955977280144199680
1066323011576434688
883505239
1031718328581140480
356448452
953286338123583488
849004034790961152
744301955544125440
751247278929809409
1066335471737991168
1066457326897516544
983433111315865601
1029713374974812160
1064703926933614594
700488925996044288
1054816505723006977
1064293008294715393
1064259475857653760
809893777594875904
3566132487
859425314396622848
1063577349139169280
564762342
1062855305523093504
1017417535132557312
1058847883720568834
936733917230567424
3005987560
914263428306493440
711905644362776577
1030409518633680896
1226184001
1036057005897797633
3296805746
971100540770967554
917557728243003392
254097368
846981000571867136
2872413044
2232173768
305270301
1026704122475634688
714629045208629250
3317945127
1040450317740134400
830783193410314245
1056027483194175489
1030177137561624576
1038838234829283328
1045438508893184000
200715506
1054200431969267712
1054151171512942592
1032006900362166272
1005876094225059840
1052709092622573573
3050208233
1035499297322754048
1008852977124368384
869179254168223745
1035391475230679041
1052705511274110981
1081430220
714613748888166400
825709910885277697
2616540199
3339413597
1050760568964083713
1050148048926638080
758455894510280708
1049399060883525632
2951318181
754795816833912832
3131496262
748994678587068416
1048692348291612680
1006540161432334336
951843907079467008
2868026092
937009532429062144
883081865988628480
992140843145363459
942571670035890176
252515907
2341077894
841372481143357440
3882876142
1018941765485776896
760628608633298945
3412438107
1016640871033384960
1045418266221531136
1044755374446989312
216147053
1040275485480181761
800721256307826688
857679915000451073
163571958
1042401751905660933
1042196279374295041
440273472
767035235246768130
910568066978865157
1022885790492372993
1039892280176504834
877283688895197186
3591927863
1013924730598903808
967437825347112961
1038924347027726336
3332028149
1013186592247353345
2871522196
875875903594799104
1037323267504320513
1015059886588268544
125050361
1004872442186293249
1027597949705101319
1036732936501035008
1036723115680772097
766057705392005126
987692238984634370
981672344488996865
909820691494645761
1029188891352489985
168382980
989870154984062981
971100172225798146
734934148092157952
3314350473
864902566815072257
899456167386152961
2446174844
868097415068438529
67699833
1028046236165779456
3138119374
1027338299516641292
1023367908238520320
989264254166593537
1024426322125307904
4027573101
1018987003579392000
1013562366028668928
826162402450427907
797200444892282880
1022617884076466176
989539252164812805
956699111255887872
907059929789452288
800857038456782849
885350804
331252069
1010646782353788935
4654326993
729706150069993472
734052976730484738
2158827968
4865677275
3001245135
916433665189662721
1017939788782071810
909599249561718784
1012100065538854912
953316155669741569
1014687700400726016
859237045868351488
1001957880629809152
950906306365394944
911629165555744770
1008863895468077056
880221228346347520
952546296333815808
859218767867506688
965693073039740928
990327921322659840
712750742793224192
1007966774351065088
2992601410
986052181135675393
3961525817
242912299
1000536017001205761
989607055131594752
877331859146809344
3035097796
932057378505228288
903440803556728832
1000762995478269954
871088119206080512
980460037960339458
2535294351
976634126433480706
999057649747529728
773706586154041347
844364303788625920
2861462509
782778858697289728
996571670780563458
1621923211
3085722292
834043927317639168
4568088561
3874796422
993291819558621185
841832679146438656
992543720825348097
973323601289121792
774717482242375684
937121318411079680
753730890996518912
991766937217785860
878041517088223232
1377682141
991478846686924800
2293108508
888372365754806273
818940622946127874
759260790083944448
981000513679429632
978436482850574336
274630715
2736750357
2270328115
985885364693979136
2418974603
1332756979
170900728
1696991059
850936459557261312
889301868136062976
900624869037150209
969546485271613445
3975755723
950609395733467136
871123615256915968
2879458637
721092286046728193
980980868935233537
968669875186163712
363081028
977969650708484098
912141705192906752
972206038832250881
2670352880
962854991487799296
963497694873444352
955857913955962882
950719479687864320
919266146087591936
848639795790311424
955480808344686592
955111840043950080
4855980183
779303126885163009
938173624007217153
936738522270195712
947256534169419782
811673614600798208
872937252019687425
941942157782368257
938946719685005318
937995985598500864
928090016093491202
1066591788
900491373538889729
866421027194232834
892410690920755200
929790848203706369
3504837742
837752918308683776
924694749755461633
890998808217341952
739226216692076544
742139241942163456
920974102843789314
917868679307710465
902010796200341504
830452795174219777
918996681584250880
915635124024348672
907832838048944128
4882519161
863490006970769408
914885543695196165
914970499045892096
913544973697634304
780895563051073537
2724596013
884886581315874816
909527932120559617
909054523074805765
907968295772585985
906728380745228289
906986914150076418
906962902489452544
771178896804892673
903409044454592512
4834795701
902524980960927745
465632422
726812132843638786
792850534021693440
898011708605837312
745356545085550592
750804124799791105
3395441799
4794716414
891179596837736448
890407189181059072
751901235591208960
521795507
886387010637893632
867495468150005760
1296274802
887539636683370496
4806178461
3222622823
884933185964003328
807308252543406080
4906692118
884093287740604416
809590037092462593
804930614558425088
881614957258919938
881208443541041153
879322407957389314
706518587817725952
878766425879576578
1255445761
877956288860356608
2334892588
848714906421657600
808695119771828224
240481651
1539542244
872256258413383680
727496457784274945
870108347378413570
487657383
866763985902854144
2491982594
826225982688395264
863976691638652928
866195062891393024
864929157909819393
861266110435520512
744012542201241601
859931651375288320
861031228165763072
859918081413574658
219113223
119177171
952481455
763170226070556676
221635249
791805657657802753
856576083268960256
758673256874377216
4828421903
776565116640911360
855449987890782208
855205629228613635
851995632508309505
3440342121
399045020
742182135482699776
853683521747128324
71339878
836680758584573952
851903490301599744
850803047425036290
2778408701
791520527634403328
847197392705400832
305175287
847960261613027328
847937802004246529
847192199251021825
704043578377560064
716683600964489216
2923985493
803374879437451264
846116484187328513
329217347
841371339504115712
606583721
2508934413
843411166936350725
842529929241772032
828653274697961472
842391852644999168
841078176755376129
3723642687
778012177852751872
840757253183590400
840598077916487685
754133252131127297
830997849672409088
839271833375543300
2813978379
838542285646225409
2460115010
835590071373946880
116434023
110314597
3496266383
314208243
4827526417
835645531384864768
835644518968012801
4188343707
835241370713526273
833333878035193858
4616934983
833111026484834304
832032010738753536
469871542
785277226426195968
811693720634621952
3296854998
3433437148
826807066450878464
826552720865841152
377647368
826242150102863876
288873943
4765963807
4658236240
4798322777
3862247572
825441204850585600
701220816885784577
4741451181
1255491133
3326103351
1615769916
747398576704229378
126476660
466033978
1517917232
822975671999807488
732964647368818688
818989225253150720
1510922419
822318656889597953
821422767216136192
2914473183
809934140334280704
811235508525338624
818298314529665024
2491967726
817875758563606528
817858743731949569
2268333342
809559141626900480
340920763
315213022
715292196287721472
752690175059169280
816210641992249344
567896591
3448498877
403013509
793640027553136640
2774032060
412390720
3408128657
715258070
722511573240123392
812102612254392321
372595545
3496470801
2791864236
732759403317841920
757385545291030528
2529492748
810544081776640000
809870287613423616
3245013791
2795042502
791765271623110656
2211651642
807955762848944129
797525720373358592
803369895601827840
296426412
792570578553147392
753430775094243328
803554297178976256
802857796068933632
3386773019
3427175711
2724595516
3137129929
3358648270
4916940867
411804586
2322526243
757806125597073408
701529696022962177
3781703020
2747904059
742768204091674624
794313324418756608
788552488915992576
4005057046
752665200080392192
3042177080
3378065134
2965539970
772111499364036608
779719950177038336
381215681
3772316601
786763984888274944
3357977073
2483016895
3820557148
712783135574999040
758069376302055426
779696773593964544
719673015554940929
1119689924
632542632
1932338682
1971582259
770396106329128961
2270726556
784190116428480513
782671921460555777
3140873446
3314053187
737018767553798144
1387690028
87553748
2638311220
778401969564246016
2844557991
1892083944
4917087513
728253044522156032
4488545362
1222526233
1663527996
727189264451162112
743075081803468800
4852501161
1356989492
3434274453
1329825194
2232681035
710491454402109440
597668730
776798719836651524
4890118043
741390803512266753
2223841498
773706171064737794
3322001723
736997503128735744
173609310
270640477
766859219815522306
765693241496838144
760649366394834944
3670236563
758067949114621956
1529421416
4770492375
433397361
3411021999
471157500
4696199900
752689079754432512
751986296533487616
751977820058968066
2752814967
749634700268990464
1314844878
596505362
340062512
769598384
742547824244588544
295216712
482380905
574977622
4820064965
4688306898
1305340112
737087408500572161
722396332694982660
742345688672043008
725057885370195968
