906994096023244801
1176122416495509510
3915125902
1254263877849800704
1254571934110662658
1246504100780539904
1187859330793693184
1222259780540162054
765693241496838144
1124402903656140803
2848598104
1250052620900843522
1228508109313859584
1228352036355420165
729004530
1168574337252823043
1232017282433503232
1248451540618076160
1247753487636516865
846981000571867136
1117605923663560708
2921763207
877924501283119104
821187749130698752
1246472824086302721
1246284903815229442
1037880613565603840
1169220584657625089
1210948932898934785
1015978421514653696
1187938834769727488
1075038009500819457
1070059813126766593
1373872562
1217906304326479879
1158148867642277888
739649980475035648
941434776136900610
1220054438817210368
751901235591208960
966139883294248966
1209136191808950273
1030626236245131265
1218728409519529984
1228192652878729218
1244699261025030145
955542563850784768
736959494945689600
794686074
991138695498616832
909512653298700289
1243314645898846209
1105173109852827648
918196379213881346
979553322997706758
1220913573444116480
1218960369936490499
3417070733
1058191843
1096982161729732608
1088867932371857410
1087127408875048960
1057082396997283840
1024426322125307904
1153315978161414145
1170868718953553921
1231770121905025027
1237120527749255170
1216202256569262081
752640351463149569
1083163738797195264
996353709683740673
1234268415524769794
1159319809424809984
1215756075108093953
1022643274773946368
1233474497791086596
1200617208218603520
4893095423
1231367724762357761
887707543434387457
1231956025479245825
1135058029064478720
1387690028
1198354673129930755
1029207424924835840
1231045887641735168
922788706666405893
758887594268602369
1111568394065723397
980634037604835329
1088617762828767232
1229741560251678720
775538423062990848
807955762848944129
1017417535132557312
1228329429639876608
1204918011074887680
1119848797310476288
3795069496
2334703162
798545429298290688
989870154984062981
4476343468
1124012165801893888
1022997413211058176
1157763026730266624
1223753878149222402
4355253863
1080264795713167362
1172649345973460993
1081783177478373377
1107450330051153920
1220852578436644864
1201992602947653633
1203467226344542208
1116771559060967424
1219330021946470400
760617375553228800
1184273441001746434
1213130316677668864
1211457407869579266
1214246856261132293
1146178121445650432
1212675389396381696
1125830721652908033
1199000972019806208
919213357546266624
1187471425684115456
1663527996
1045506781550702592
445067792
1107849527980183553
1204959461280034816
848639795790311424
1138994394613374976
782725922776576000
788851687410761728
1135679763480272896
715292196287721472
937873706872909825
4098909021
1200136819024764928
1200083815915544576
1050545194930720771
986052181135675393
1134301344532238336
1028301938088206336
1066133008405676032
965693073039740928
1198648996815921153
1183808320072814594
1191749478086258688
2322526243
1105593780508508167
1186857395697442816
1005453782401126406
1195897470338969600
1037323267504320513
1166360440470953984
1117970611173773312
1580454438
3412438107
954852132947185664
1091801714250956802
1194292683096895492
1171583543752966144
1041132300916977668
1171520411386830849
1067905030978760704
1180303429584994304
1115446486400229376
2270328115
4786966491
916433665189662721
951567217359015937
1187316226147733506
1084147893831983104
936618659270856704
4890118043
2730750214
744390270079406082
998319659639328770
1144770525245448192
1030177137561624576
946892345814941697
1130630662741004290
834769943040229376
1077013853798567936
497114969
387638733
1085772340452122624
737018767553798144
1177400837842395137
1083908696932057094
767144315684610048
1093303687525646336
737189195622547456
987401940035362816
809934140334280704
922629677042360320
1175175076456669184
1174891935133130752
1173448294913204225
989539252164812805
885180365786292224
1173014600654249984
1047701656304062469
1053037692655677440
2979089523
1163165443890323461
928308938600271872
1170767880658542592
1100521470458060800
1081666443442376705
887058115929178112
1099198995451269120
2622737926
3339413597
1167929083994525696
802674412646502400
883857162409308161
1111996465285685249
846116484187328513
1121044230221238279
1158474503246233601
1157039522024165376
1138936822141280257
1158761562821337089
1154493941804351488
1157476647173537792
1123797798862958593
804930614558425088
1017504326812618752
1060989273703436289
1048409845924290560
2871522196
930522464555294721
1115813297746526209
1157729762883907584
1156604254909542400
1157170981141667840
885986402084810752
1138438832653840390
1140757093944844292
1001854524951351297
3707701575
706274250894807040
899309099468431360
1092839027961663488
1090399100397326337
1148275428353855488
3395079915
1148047853945872385
836827051139137536
1105212736349396992
1139981898858606592
3427146166
1142958695468470273
987423428910166016
4870641658
989985334246215680
744536809380646912
2175096907
1066510058702471169
1486126789
1332756979
989607055131594752
1092522506064482304
1139153343870373890
1611418230
745474170062929920
932480089421426693
875866438074028032
1111060823420604418
1082578992794951680
1036709169867509760
704043578377560064
875875903594799104
707972629580398592
928574734366896128
1126463217323192321
892410690920755200
708671230
3411021999
1118140291494612993
1022878699895570432
1022885790492372993
1125971305105428480
1053854383627218944
1117982610284777472
2611980665
725057885370195968
928469263689580544
3043728663
1123428542098939905
1038838234829283328
1007729974286143494
1035499297322754048
1523362964
1117965962148503552
898886519020302336
1118294902083915778
842529929241772032
3936135029
1004910678958837761
821573733143969792
1023055836900454401
3566132487
877283688895197186
990327921322659840
2271706543
1023387807333724160
889291290541793280
1011451879933534213
448885629
935334567745073152
917557728243003392
918001740196261888
880221228346347520
1061958673919066117
903667409407672320
1097295009655721984
878041517088223232
996930248947240961
734899936425312256
771298477108256769
907059929789452288
1030081292807929858
937872079629836288
3092496825
961810669103280128
180437198
834908276538150914
849778241565020160
1101672813197447175
1058847883720568834
978410269998223361
1027597949705101319
879207343090802688
2334892588
742547824244588544
981672344488996865
3834534587
964663509945643008
930852158941122560
792850534021693440
3940067745
859906041521336320
726812132843638786
866421027194232834
760628608633298945
903756177217118208
1048761522497966080
1028031227201302529
336888695
