475405958
3011039619
1051878518064332800
898663393388900353
1244513780152836096
1239257914365415427
1218960369936490499
1251357236384890886
955975961023074304
1214246856261132293
1093201782736670731
1247435261673439232
931199716183986177
1022643274773946368
1237079782346690563
3820557148
1151227163582042114
1154158627286073346
1120479455229689856
4922739287
1129806371636035584
1131708066989322240
1054071434660769792
928328059291340803
1241495388789575681
1231770121905025027
847710301059293184
1240337621315981313
1229902826073206784
770793407807627264
750695706
1210961131021291520
1236471978279780353
70540456
1172352909595545600
3111759467
989390049576914944
1235329112799145985
908102324593283073
859218767867506688
1133010348607463425
1234993627262312448
987423428910166016
1025449675141390336
1177731912212910080
4033490776
1152233928763293698
1234268415524769794
1188636322925289472
1151947511436861441
1181951054331678721
1229247925114605569
1102026575065812994
1232410737194209285
2539999211
1061227036558147585
717794120853536768
887805840509587456
1147506639366426624
1062748656573579264
983170365244563456
376530085
1230616620793565188
1229741560251678720
1134622250039205889
1201181605559177222
1194376926028353536
1219330021946470400
986052181135675393
1133594755101790208
758887594268602369
2279374428
964161032884277255
1204154093729652736
961341863386107910
1016819069348130816
2385943878
1070059813126766593
1178280725587660807
2243676148
1150603198585036802
1041532304437506048
1207489119582130176
1216191506542923778
863214864621350917
1172649345973460993
1186431448649293824
1100937007516303366
1220913573444116480
165917299
1156982380881727488
956229265326034944
153189295
1163166849657425923
1157002258816610304
1007686526828974080
2360260285
216147053
1217877996847222784
820541178
1024803059426385920
1219748699145936896
847299326652989440
1158299574907351040
1197521887045324802
868570938006278144
4098909021
980634037604835329
2950566237
770597975815053312
1158761562821337089
746145570205622272
782792234945110016
1025586932246609920
1217864127420555276
1105593780508508167
1606564394
1699950121
1135291747867795456
1143195401987772416
1034942664498716676
1214722893814341634
1158865697390379008
1218310402678968324
2921763207
1213130316677668864
1216195048376872961
852181516302123009
1047177133997654016
897143726132408320
1196232804922732550
4857588329
760628608633298945
960866679940108288
975410983094095873
1214575887385006082
1134881487726272513
314895285
1043282540826697728
62971872
1043713504434442240
1172677653901578240
921908480700764161
1009258734806360064
1210371471685627904
1052705511274110981
981672344488996865
1172981334115061760
1041132300916977668
1121582630561046528
1212266676672065536
937121318411079680
200715506
1209596498004135936
2223841498
1739598997
1195919420801114114
1200206253332586496
1182414348171579392
622357340
953845871946424320
1160308324941946881
918691578440323074
1058019499029467137
1193634811761627136
1179881544724430850
1041770300994662400
1202383946421612549
1003979487854448641
346139706
861298986531123201
1204918011074887680
1168881671082586114
1204560394964086784
40326588
1944936092
1065732619336384515
1081735022397321216
564762342
1157507411030269952
461940166
800857038456782849
1375604510
1117975966389800960
1194043522904731648
1113964792899952641
1305340112
1118264005380968449
1185943449515769858
4785128974
1013186592247353345
721092286046728193
840550932
1200136819024764928
1175811351127703554
1195474388214304768
1010021107456282625
893624859418402817
950906306365394944
4867077371
1166360440470953984
1062413313991172096
766988513757782016
918201369236049921
821452098487390208
1125759702581825537
1194251969097084931
1194064374404698114
850936459557261312
1020453578295693315
1117970611173773312
1037888376832188416
1191772869149253637
75198898
1101311064128536576
1158474503246233601
124788162
1160422135485140993
2151036256
708500054626144261
1114144227716366336
1169449486621585410
1111026042158886915
1188559901716561920
1188076697595326467
1168574337252823043
1182826321413464065
1048984575391744000
930852158941122560
1026895800054493184
723999143945994242
1186956642878930944
1186128502388678656
1083189095692668928
1085772340452122624
846981000571867136
1144382547100622852
1021435703954206720
4887307185
713442210549727233
975512456381509633
723214147060662272
827571427759050752
941661987804733440
1031674836970602496
714182216671227904
1021400986420744192
912007034161287171
905826512393383936
942757935633125377
1115379630368751616
1334847901
1129140242026573829
1019995244937523203
783748102310207488
803605846034882560
3027477611
895758554698833924
966088623119654913
1073591560753831936
795323116184543233
710244204870569984
4882987293
859898486808076288
876483479999062016
912024949531037696
1013097724693098496
215636018
2993440187
896809398345117696
1069756318246977537
1087901756166684672
981021500688957440
3023930117
1416015908
771025936015917056
1119646575842811905
1031933989882417152
1025554846743756801
933399861239730176
908463809488211968
1004031494455726080
1387690028
711607549771042817
477505772
1022878699895570432
1184180662615584769
2366379991
1080097695753273344
976460945307373568
792850534021693440
965693073039740928
2868026092
1049183907885830144
917594189789126656
1023730549222006785
58663691
1182320019293851648
1038931044379049984
1070817568187957250
1098954240511348736
931929001634955264
1180644421769019393
497114969
1131746812623302656
994537826049019905
1180104743294775297
60646577
1029042177538699264
1177757277014695946
1373872562
995320047404027904
1122113742072963074
727329391877959680
1119057674962984960
3241938125
1175175076456669184
903667409407672320
941068363274620929
2623899760
715292196287721472
1149790332193771521
1151248632970207238
1141487047611469824
1173014600654249984
1083491545314197506
4850421304
909762808727908352
1170766048720805889
501461874
1127713977348317184
3317809823
1150205896611573760
1021975593372577792
4866981885
946091782978392069
1166528925624877058
1161092945157722113
2279401170
963379785081769984
1008469030330601472
1696991059
1161250956417404928
1041777463657947136
1055579468352405504
881555867153387521
800818484527579137
3035137511
40704064
1088867932371857410
979420554963902470
4464552317
1156347326182633472
1116771559060967424
460210163
1156985193758171138
862801436488462336
940359671147368448
1155878082512904194
958012267441872896
1155610341939863552
989388868121178119
1125830721652908033
1551384356
1603511209
1154299349616250881
990327921322659840
818948414872358912
846458067776688128
1085444876316098560
1101601903421636608
289452667
1023381682576154625
1097383769944788993
1081417978653143041
989539252164812805
1002781605017112576
924792275263217664
991844774402551809
877924501283119104
1375039430
956699111255887872
68060623
1149764088186249216
929741570928193537
375299468
2871522196
1138975887490240513
176526696
788851687410761728
736959494945689600
888234707611246594
1148188634593583104
1094650918316986368
871535546044223488
1147937989840035841
1080233657376428032
4646638527
1085583926490472448
1047701656304062469
925678689915953152
1071601493382451201
907850841683578882
1103482085455609856
843210218108571649
717471555631112192
1124012165801893888
885502103363432448
1095504299059281920
717169684567687168
1047470267889537025
1143500233273434112
1467086089
908833449410260994
837700178362642432
983032373729267712
921164507682140160
1085011887358652417
1955224879
1070423278127366144
718536268855054336
868617614808973312
1047947405633699840
496004431
138832397
1076283100781600774
4692867169
1030081292807929858
968669875186163712
1142173942188335105
4879904116
1068918488104873985
20873497
1134561106821885952
909512653298700289
1138987027695845376
1060989273703436289
1137905250877267973
1077024827020640256
1081783177478373377
830783193410314245
3395079915
1025062407947931648
925881479888031745
922629677042360320
1053854383627218944
712783135574999040
1123797798862958593
1114978377868378112
1006863788237344768
1063481860557340672
956962518248951808
4396289843
3645400101
1001466696060817408
1056889887343996929
1060610028313460737
965976035924865024
4911635487
1033232473776447489
1066333611215998976
1131697710699036672
1132072246036631554
1013574000386150400
1071207888398548992
938015209540739072
1011131481769631744
1091445875883339783
533672486
1133067484679102471
1107450330051153920
1131698916926349313
1133058531572277250
984125582102458375
922788706666405893
767144315684610048
936728869746413568
959452321095802880
4851967252
304697474
777304985117786112
887748915822567424
1126929840484048897
762462473538580480
1124402903656140803
1105212736349396992
790407601926340608
918001740196261888
1072153061370540038
1002974928541544449
909054523074805765
3411021999
1121070039526989824
1071793594464432128
2906465099
1119070498837626881
2482770684
3915125902
4041288239
911350521470095361
966320128337043456
248872638
459530718
859906041521336320
1116422594075463681
961242054289436672
1077778791890587651
1117605923663560708
987874916228894720
1106240610560815110
1110350722414116866
837752918308683776
1014232176
465632422
2965539970
4738420696
2418974603
3669056476
1005398375347482625
1008852977124368384
989870154984062981
4568158347
340062512
1099100371073581056
2778278227
1113851156118343680
713000828819345408
2495364955
1112120228148846592
755514779465314305
600538326
1048063334870867968
966059938513637377
305175287
2285746465
2358712784
4580281725
97483082
952230533769187330
1085733866323828736
1068838608763785216
1096982161729732608
1103754463972638720
1104355720315715585
1096976772476882944
1103465899024150531
1103004281693786112
960014946233929728
51477588
1091704868392390656
538698813
975535271629524994
3084759280
743550276364308480
1038965317387603968
227694086
1083198628720766977
296268266
1026199872284884992
3865019243
702993145055866880
909920935402188800
69943970
991661419287465989
805969528136015872
785602114659770369
3379198324
2996779787
2581491643
764914507969859586
4615910848
235742440
79283226
720080875204034560
1059127836315922432
2869752976
38094085
743877219500560385
1343328979
1059044298312835072
2309804789
710505310218293248
1029577526778257408
65624701
1036718101310713858
895270826517430274
320360579
240754050
1020832379567472640
1086696460404604933
68295902
1002355998793850880
2537809499
994678613189505026
174074823
2929357456
1073403246562209793
750804124799791105
4038707182
1012100065538854912
1066739812177272832
1001854524951351297
3125345297
953286338123583488
1055103334535831554
1095669853611065344
937349204544049152
3237247119
4917233559
879223077237923840
1085302213931618309
3394766673
2228453911
4870641658
1045438508893184000
1092520689201020929
808042681905610752
1045477005574254592
763253775024943104
806486848948359169
970967997040021509
883857162409308161
3349084221
1075138478894137347
449286805
1038860907668008961
1001908237057261568
1014552232266739712
739965133951229952
1085358383614644224
1075602010626551818
716418772073058304
1089193272415830019
1061978532530798594
3000641686
2986431879
1000502149665652737
779303126885163009
928308938600271872
932566772972249088
1080943021896667143
3332028149
2833989442
882404573566160900
1024040822881312769
3781703020
3566132487
1084474564434952199
1035499297322754048
794686074
820442771916025856
780895563051073537
1048761522497966080
941434776136900610
2466390535
2491967726
987856334027665408
870659255107555329
2653978727
955977280144199680
745474170062929920
764183330543861760
811735845887758340
1005876094225059840
758465776235978752
4078936882
938071330569838595
1080652429279092736
1081072338366545920
1080960174674898944
1080172444927909891
887058115929178112
1046183470056247297
989607055131594752
817439859606491138
866421027194232834
981404374827261952
1009873616266321921
2735811994
1070312792400506880
1054524738406703105
859733448562544640
726812132843638786
906986914150076418
889291290541793280
895408157442355200
1005453782401126406
1073054817101189120
1007729974286143494
50325266
1066529279381594112
1074010488500035584
872245175057305600
937872079629836288
1073334664419520516
1072245336561860608
3404213393
732401918056763393
1061817016162627584
891812637629190146
1024097865654853632
2368977913
760617375553228800
224344193
792019400320753665
2990454333
1000583857433907200
1022545604252184576
970113860614213634
765693241496838144
903030907958910978
917557728243003392
1063862473047121921
975086317875933184
752640351463149569
708671230
1061635431224303617
79362483
129977270
1023055836900454401
1054821104685060097
1003823067137740810
1049431598247108613
971066202511609857
3412438107
826225982688395264
978410269998223361
704043578377560064
469871542
1034400204290711552
964663509945643008
1049106088262557696
3834534587
1042816135475937280
1013924730598903808
903756177217118208
123339732
1044377289935519744
782725922776576000
1924514052
725349306715267072
3347985670
920786293977747462
1036057005897797633
1035319127563546624
818967816430911492
1031889102885584896
907059929789452288
804519976296136704
777681663748898817
832385222373232641
3150206950
753767312377913345
15525444
220373286
920304580268822528
235108322
392318862
3115854793
883183278890651648
747995766602539008
233072464
592172264
592399093
1029389271067750400
542078122
694969551231049728
400380212
2750584803
2153478110
902311563381628929
916484382793326592
4188525287
328797794
939309453656166405
3383766515
4587556649
2998799722
908771739890528256
3269079312
295930763
732274675670093825
1013197216788500480
790975855241592832
920682238274080768
4825449713
1869423942
2450050951
152714421
967811421718409221
3011522111
2848598104
1029207424924835840
1018941765485776896
1011451879933534213
882358904948240384
1016057014580105225
824372407452442624
1019042054188486656
1010299845217832962
1010747500087693312
4531783336
810934346089644036
942571670035890176
769043840468647936
752690175059169280
1011632217284599808
929905225795821568
987401940035362816
862318462470934528
771298477108256769
96042559
2438996071
1002631490637828107
882205209627430912
980460037960339458
996782368429101056
893860629471277064
50136794
851968242935635968
446511187
3358648270
954472321498181633
952379861913554944
876135777717166080
949494723596767232
941006822542061569
940232349614211072
879904182043635713
841832679146438656
3432017661
4906692118
732312734843453445
820086921116446720
2790628552
761788274872639488
822478696162492416
818982723511611392
320284170
3321718431
768598157844439041
766720293943508994
764844411104718848
