1197266982678224897
1089338045785083908
1260486963364274177
790212976359960577
1135687208504057858
1144249598313213953
728683712813137920
1160214505294639105
1036768445575176192
1206248389920329728
1267280177912074251
1219653887839346688
1271910992033779713
329217347
1270143667731345409
217151896
353153010
1101718001529823232
1271489750684381187
1257808774892597251
1249739370703306753
3221262345
3824931495
1220054438817210368
357579837
1025574983819513856
1267494038481129472
3421570534
1269490330820317184
1260190601582182400
1135329652510199810
1269060824892682241
1005453782401126406
1142173942188335105
1268872450537897992
1119291264447524865
1268563547958718465
1267997433885331456
1268308775653576704
1266894762851926016
126476660
1267836199953203204
1261843400459989001
1267165974291189761
536727036
1267179568634515456
1267329263851712513
3164495573
1027703962978402305
1266925569318535169
1188473906514055176
980899959066316800
1257648379477311491
1050839945408143360
1119848797310476288
1265070004002787328
1265851705553543170
1265789113594261504
1253137605643980803
1133206025413308417
1264718444727078914
1204217705835958278
1080490852538073088
1702700618
1233564712845094913
971203549274300422
1263899644125491206
1258505987356610560
1156950899018936320
1252111716315475968
1263906109263413250
1127987127222984705
1260646000139665409
771860619293253632
1222706045237321730
71376951
1259978909917028355
2358944396
1262778203510321152
3947682969
847937802004246529
2779336503
247545024
928281182797787136
1186102387708182528
820653051677708288
1262156312382758913
787994091917377536
253685777
1193908486729535489
916357665021988866
1168647642152415232
1258223348250804226
776565116640911360
751247278929809409
1261342959028637697
3905554697
1261093249961394178
1261004737329139715
1182394897027997701
1235322400935419905
730427603392278529
726812132843638786
389734306
1260366807858384898
975185228603027456
1234525983757217792
73653137
1258044409930756099
937121318411079680
1259733463063605250
1039893739047735296
1211597895855591424
1258674576726396928
761367413967446016
1030626236245131265
707972629580398592
3308427922
1158148867642277888
1257100604289187846
1246448218197708800
1022997413211058176
994058488681848834
1019762568985042944
1244860748507078658
981177587924905984
1179123785963843584
1167502982067474432
1222272858572894214
1329825194
1193721948204916736
1256440299934679040
972671312132018176
247303350
1053037692655677440
1213277044055756800
257677491
1255540207719452672
1255662625813401604
1187426534967201799
989388868121178119
993291819558621185
1253162683593109504
2295109039
1122699173466443776
798697029237112834
1177760919016919040
1250582570879930368
1181951054331678721
1229431995769458688
1250978676520386560
1250052620900843522
1254571934110662658
1042775759771889665
1141468348875776001
1052709092622573573
1250244128337772544
1173014600654249984
1170183955900960769
1250489853692821504
1253356579967176709
307964771
732964647368818688
1252749334992629762
240664550
1048692348291612680
1172148817153667072
564762342
1131708066989322240
2657316788
1250935556344864771
1158367899108683776
823625991717289984
1020297047285665793
1218728409519529984
1181673731028131842
871507052195192834
1110996754793746435
1248451540618076160
1232455772983959552
1247753487636516865
1157506206702944257
960866679940108288
1246115474657742850
1246472824086302721
1233474497791086596
818894504887459841
1245340180518703104
2422212438
1244421213667106817
1237186852098125824
1244849769521876992
1053101003686461440
1239383809172353024
914551937554579457
1163368797186772994
730817734041337856
747902945363132416
758337541120614400
1117982610284777472
1024803059426385920
1220913573444116480
168382980
1243553633108725765
1156604254909542400
1206264828584693761
1243592468077182977
969407363512983553
1243440609081397250
1058847883720568834
543772024
1218960369936490499
1240943189659435008
973323601289121792
2195700323
88018080
787964673333288960
1210961131021291520
2279059176
1241381877979676673
229311810
1203228515224694784
315213022
1238068179403931649
345392777
1236116225614385153
1233440451778301958
827044696778219520
867594109334192128
1239257914365415427
181633203
1238882617682001923
1037136312321679360
1086255429225799680
1234466386346377219
1894816412
1234718724550201344
1119099998010871808
758887594268602369
1237482930836045826
4284897736
1237231046648909825
1237060099581018112
923297881548877825
1236750451992821767
1232919211967700992
1235329112799145985
1198354673129930755
772157901653872640
1107450330051153920
1201238322582114312
752099683946860544
2434639617
1234268415524769794
757987723357683712
1234214488066445314
1211457407869579266
730940995127250944
1219004295338766338
869179254168223745
2279374428
876097660897423361
1043137460497199104
4855093084
791765271623110656
1232410737194209285
1226037534809042944
1231770121905025027
1231045887641735168
1232409057509748736
2979089523
701647117165658112
1232459947126001665
3023599744
928574734366896128
814172686620512258
1214602109733232641
1232017282433503232
1231635701508210690
1217906304326479879
2552745975
541363140
1125830721652908033
1142940599772942336
1219437914616213506
1125759702581825537
286429960
1216191506542923778
1230653733794652161
45559302
1229196233325137925
1228701329369030657
56205539
4098909021
1229741560251678720
1222978930417770497
980998674561032192
1062748656573579264
846116484187328513
1228797133735780353
1219330021946470400
1050369400048635904
1228329429639876608
2334703162
1133594755101790208
1228192652878729218
1227238858548334592
1227407832024330241
1226019508755800065
1098385470369746944
1226381059031433216
1226891808
1045134464962179072
1204918011074887680
708671230
3092496825
1226231890597773314
1121902953659498496
324000109
410104915
2916135643
1215410859050196994
1097295009655721984
1054745097374498818
1217602504109756417
1224811093769572353
1020453578295693315
1088154033037004800
1191967628048379905
1198263173016694787
1123089846581354496
964107411308113920
853391484145590274
1155654565687111680
1124012165801893888
935334567745073152
888441533103570946
1050493253764751360
767812913218351104
1224093691897352193
3936135029
1223778091736227840
1094588670869491712
1223753878149222402
1064714595850510342
3379381221
725455792028147712
1083533414572195841
958155176359194624
812146610138386433
863214864621350917
1124454318155997184
1222371982806745089
1204755271798738944
343439213
4355253863
1043113507942817792
1221279419123347456
1105212736349396992
846199398
1220911480977096704
1221273842586464256
1221131081866498048
1219748699145936896
1145000541807894528
711043116044849152
1158191085165957122
750864618143252480
1064868250830479360
774679184
1146910194267492353
1041132300916977668
1217877996847222784
1219088611330744320
3309164280
1144006515923324935
1216883816331124737
1859080866
3795069496
1218310402678968324
1067905030978760704
1036991241332969472
973552201204420608
802923856277151744
1216908345577222144
1126692842485633024
1216884637185777664
1022878699895570432
1216195048376872961
1172677653901578240
172880496
752640351463149569
723255054300536832
1177349048363339776
1122348501864783872
1113605709457960960
925678689915953152
1214694304247173121
887515634015141888
1214399791733579778
401715232
1214140622208036865
1212863886405193728
1173448294913204225
1213257706120695808
1135291747867795456
241972029
885180365786292224
1052705511274110981
1213568682644799489
3327290863
1209831170290208768
1200608038069133312
1201895079138545664
93479786
1213065128112820225
1210915395231596545
1211957630224101376
1077013853798567936
1133225157294796800
929164026046754816
488983375
1212137744362696705
1211040459734171649
1025062407947931648
1211997888391208960
1195919420801114114
1183911942391586817
975454388054646785
477505772
996930248947240961
1107248245867233280
1105593780508508167
1210359130965319680
707978862983045120
116434023
1061386459519877122
1198026620667408385
953845871946424320
856275436132761600
1209136191808950273
1208577810652106756
1539642542
1175128403516776448
1192422467022807042
951482447098732544
1204560394964086784
751579602573746176
1199000972019806208
1052318573903978497
735239565066244096
950609395733467136
1072937293466517504
1325644706
1087839284512649217
1204423397008117760
1135058029064478720
1121057805132271617
1050570168974368768
1204404370311434242
3234298688
928328059291340803
2811685837
1045506781550702592
1161472168506662913
1126151058521296897
1200528344175054848
1200136819024764928
1200083815915544576
3082714318
1199841134769590278
1641516319
1199644967502798848
1199537576388038659
1199386107487621120
4362216076
1197924493806768137
2730750214
1036640944559407104
2220024877
1604456270
3668475137
771009001597403140
995361309616168965
1080170664089276416
1043874526629679104
1196809695698309120
946043593680093184
1127584253544423424
1041644686098620416
1120725513201442816
1048382681996832769
1032389187637600256
3430886517
349414194
1186402386786619392
238201573
3326153914
940381791013212161
824799422160723970
1006341251388583950
965952862978236416
774318139249139712
850803047425036290
955298621775384577
1183487600230850561
4675650836
786594666221297664
1196513520474624001
1195871388780957696
988598590670032896
1094451467203821569
1195146514399682561
961089023577088000
1194750664141873152
800025216529432576
1192996787533078529
1193634811761627136
1193192576515543040
1171561174812504065
1191772869149253637
1023414988889903106
744390270079406082
1191149738818707461
1001629210107088897
3031697962
1188647112080269312
877283688895197186
1179921012521160704
1112824613539667969
1175192592411242496
1185679570760060929
1189712025657729024
1722328134
825709910885277697
3170767408
969352008883998720
2266150175
1179840647685115904
2669671909
749802741506121728
875866438074028032
918201369236049921
996507401460346881
1188494703215497216
2796593001
2437233792
1164388674307538944
1026134244261851137
1187316226147733506
1067427097633681408
1134778985764794370
1186818727184125952
916433665189662721
745417774323884032
1125036313
189484694
1184165007392694272
1163978987993014277
1185943449515769858
4386145966
445067792
1177770645075169280
912141705192906752
858461394504646658
1183416151923146753
1127256589927419904
1122113742072963074
1182081049540608000
1150449299785953282
834769943040229376
40326588
800721256307826688
932343335892783104
1180235206709710855
966350118822785026
1175080251787010054
1008852977124368384
1177341446057340929
1131390716813467649
1077821637851074560
1177424448183590912
1177912120094154755
1177709511265656832
1696991059
1177247024279949313
412460432
1148047853945872385
1009248946055798784
1120746406262845447
1171583543752966144
432171610
1148275428353855488
605691844
1175176195631136768
1174819889619619840
1174891935133130752
846112344245751808
1174635804892815361
1174492474896801792
1062813279423213568
1170868718953553921
979553322997706758
1171237568689688576
1132499728556527616
1126476031815245824
1172881877784506368
1172723308468604928
1083217751441895424
959452321095802880
1169449486621585410
1169048331995234305
1045438508893184000
1043250807678939136
1126463217323192321
909762808727908352
713040336306761729
4820064965
1170766048720805889
1170767880658542592
736323358116216833
932566772972249088
1162889310884044801
1168043603538714624
1168308706712477697
1167929083994525696
1033892691896135680
1085444876316098560
1126929840484048897
4738420696
1167429816884350976
774843436906254336
943487958883164162
1165663429853679617
1158480927821090824
1058040763773112320
1029713374974812160
1158485084602871809
1164140219114885120
1163219876229591046
1162390589062680576
1101601903421636608
2528480557
1162519081305681923
1019011206810660869
877519360579051521
1157476647173537792
1161993622805450752
1161665207627853825
1090107766411272193
1158039710851391488
1135208973911646208
1150814388338774016
1159763669741375489
1154493297425080325
909054523074805765
1047701656304062469
1104039437309231104
1118312267014180865
1159627240122044416
924281271651569664
302763312
1116771559060967424
947084691475238913
1140900493545410560
1158041390720409601
1158299574907351040
1144937029245001728
1158090186724728832
1158071368409407490
1157763026730266624
893498455334768642
883857162409308161
1156770067243261952
1088867932371857410
1147506151422078978
830997849672409088
1085733866323828736
724571995
1156613570555195392
1156573603812524039
1156380145218924545
790108828817817601
1139443858239098880
1133144717951209472
1151503251986161666
1551384356
1154299349616250881
975086317875933184
760617375553228800
1142958695468470273
1147506639366426624
994974961059155974
1153464132596879366
1621923211
3421185748
1121819431699718151
1153053907469422592
921141354872401925
1112780889451347973
1093303687525646336
1006293068268691457
1129098702298243072
1076313875237220352
1143659295579529216
1030177137561624576
1148227521701404672
73703789
1147988602942611458
1146462117589127168
1144952064033873920
1144816002636685312
1028388258831585282
1082266995264028673
1133535758848016384
1096141183783526401
1144032681950351361
725349306715267072
1118139732821716992
1142193543076896768
1143167371231793154
1028399462660620288
1142960725427707905
1068237536831709185
899738325321437184
1012910208644009985
1018861718364094467
1088910328241491968
770780833858945024
1000809195988504576
1086709937701613569
1007829952459309062
1066043482031226882
1105909304010424321
727686771568455680
1136264189964632064
705790024600723456
342713905
620957345
1140356674299056133
1133058531572277250
1139703273630392320
46161480
1118637600380727298
1122726339038056448
1117605923663560708
1009703361912950784
1134666199520948224
1138940788371525632
170752944
1087893683129720832
1052948616590086145
1132409791219945478
1164145597
742139241942163456
1131425231724318720
1130579200883273730
38559575
1030409518633680896
1117975966389800960
1135646583616409600
1125550798761492481
757242709253955584
850523837330595840
964161032884277255
537827209
1134202887159123982
1105653281676820480
1070059813126766593
1132027927162490885
975195177534083073
1123797798862958593
1049394734400249856
1035499297322754048
1007729974286143494
4860433391
1130959690798698497
1095498077601964038
1022179033767968768
1971866095
841011707296284673
1131572214573223936
915545380112257025
885350804
1103482085455609856
1116862458692550656
966059938513637377
1083189095692668928
1573555824
1063862473047121921
1106303886288130052
1110931442308206593
2897344143
842529929241772032
1009847613116571648
1081783177478373377
1086789395200512001
340062512
918001740196261888
1094763652689940480
1226448330
1118140291494612993
1084286906186301440
1012876776891207680
356448452
1117467124908396545
1016057014580105225
3961525817
841951486636621824
4870923189
1053389690617905152
1050058468810469376
1064227671243218945
4919534327
866195062891393024
859425314396622848
1116422594075463681
1055215820790472705
929875130888704000
1032006900362166272
1120791296178835457
1121056251352440833
893860629471277064
1120679496456208385
1118946764063682566
757415429690261504
1118264005380968449
375299468
952938696994639873
736731223704408064
758455894510280708
954685808660897792
1066510058702471169
68845734
4107555611
924409531802832896
1042122290803236864
1069124870515101696
1898779680
475474811
1114717010171187200
1115651183320883200
1113660191633965056
1007686526828974080
941068363274620929
1110350722414116866
1092522506064482304
986430560280236032
2905847603
928782104468643840
1101115063082106880
1070114361623101440
734899936425312256
1100049033131945989
940435378468728832
1046901019920273408
1104059884671258625
918509033040072704
979955301129519105
3381158369
909512653298700289
849778241565020160
734052976730484738
908474903350923265
1067777807886049280
821187749130698752
719020604452663296
990327921322659840
830783193410314245
925123562251411456
918691578440323074
185745992
461041196
1075237778114396162
914970499045892096
727259119984496642
972206038832250881
951567217359015937
784913832003112960
1077139473635385345
3001245135
779303126885163009
967766797901541378
1020473302098341888
1069047254277914626
2495364955
955542563850784768
783749107500417024
774240652813070336
832385222373232641
1011215229915684864
936618659270856704
374620064
2871522196
779781095399325696
732759403317841920
794686074
1056266052286509057
878041517088223232
955857913955962882
305270301
1375604510
257934688
173609310
698232561110294528
2446174844
596007163
767415036994326528
987557264293793792
1011603251811241985
980634037604835329
2670352880
889291290541793280
740596827339247616
792850534021693440
1085772340452122624
1034800200982908928
1010021107456282625
983474975922360320
1001854524951351297
837752918308683776
903667409407672320
815468915853848576
1069368203208507392
888372365754806273
1539289633
1094606384237297664
700488925996044288
321793993
2491967726
744301955544125440
1094650918316986368
1011451879933534213
992543720825348097
811735845887758340
1092253110628765696
1626375696
1092839027961663488
1090415113386057728
989264254166593537
1084198137173102592
1226184001
2466390535
792019400320753665
765693241496838144
1088039293543690240
956699111255887872
1012131299824463874
1075435940280180737
1086070702585925632
1086064830409334784
3834534587
754133252131127297
1084474564434952199
969546485271613445
54416622
1080172444927909891
1081351395624783872
1081932731829882880
714613748888166400
1079594515818840069
4870641658
860619341678727174
1080260253252571136
1007966774351065088
1079871321876639745
1079845776338108417
976913812778635266
1078631383566901248
1070312792400506880
1078034867487756291
1015235629368692737
3940067745
1072245336561860608
1003823067137740810
3669056476
1071247155791310849
855334430767841281
981672344488996865
864504887350001665
1074489360375054336
992140843145363459
950906306365394944
1038268198624415744
4851967252
1073156065204846592
937872079629836288
968669875186163712
1031970958897238017
1033101818254053376
1063085661627002881
1065668118339567616
1043634820574851072
724632164
1062496416931680262
78926478
949830924962861056
816210641992249344
1017417535132557312
2848598104
767144315684610048
979420554963902470
1027597949705101319
1005876094225059840
804519976296136704
1034275523567013888
741459744741789696
4855980183
860840765727133700
949649647123030016
1053854383627218944
1001908237057261568
953316155669741569
882404573566160900
1054151171512942592
364446233
1054200431969267712
1025163112952020995
898329111768293377
987401940035362816
905437392328425473
4144774301
1022031523908857857
1050441640782032904
4917087513
1048656733864960002
1049335075282857990
948645996149530625
980460037960339458
1049187660244418560
1041561710799319040
287991092
1012100065538854912
1049106088262557696
1010017075673223168
1045418266221531136
1000536017001205761
989985334246215680
1017504326812618752
1037880613565603840
764870108250529792
781981680965943296
1029207424924835840
960014946233929728
3314350473
779759559439183873
1708278656
373390304
1569173316
4027573101
989539252164812805
841832679146438656
1025886893207179264
3332028149
989870154984062981
965693073039740928
986694795258220544
1024426322125307904
4786966491
1022885188999753728
1017176037845884928
989607055131594752
955977280144199680
960041501509214208
790327941402128384
3430574265
889153470498058242
925376426282573824
3322347760
852471952459669505
929105166497931265
608581629
950706559822286854
930497242083012609
954704760283820033
873579649099608064
963195244606042112
933501495621890048
960535918351437824
167217989
926778055531655168
764491766246600704
957056204727111681
784146950031638528
732139696613101568
159346396
916751068989665280
3538486941
893905375501717504
2811605408
902633569209679873
915255028197330948
2933522633
742489414996271104
817459314696785921
203645860
864231532940193793
3201134609
753317802182897664
885498582618558470
803279617687769088
949817236595904512
4604607136
957072809762742272
951921790493843456
830941704790429696
936733917230567424
901133918224736256
885210553538490371
958381699221598209
926211286144348164
332500895
4529830533
1682262804
1287380526
869731324894085120
2533147707
466102719
3015341403
3403015793
2745312898
776097020926955521
3213875959
2245811357
894249679931793408
730541629975736320
704608054260604928
368637075
37244282
784525292282978305
814381076638560256
930988864273076225
898287119331987456
3412438107
248365480
925070722699087872
872937252019687425
766652073463209984
2538210949
4568088561
3324045227
802674412646502400
891863696028336128
866398202190336001
247587233
951830851876196352
2263305236
3707701575
819432094275354624
701107356776714241
951957748836720640
3141733311
814186154090237953
206454831
4800610155
826225982688395264
778935748405948416
941616565006544896
2778408701
788416780125560832
1157456928
4785128974
484950360
777943436670472192
1305340112
942571670035890176
1686898298
887707543434387457
3170554287
854771399587659776
929113432074457089
2925947068
923225143899574272
731279995616808962
899109990815936512
2865327380
1892098562
758110180685017088
277594425
192287054
322774215
717553249813979136
3941199219
772945067065606144
954890400568872961
253299090
3999306610
265433605
953976975340818435
3294010160
1072698012
912761311548887040
868581653215629312
892581536943529987
892568620349435906
316126725
2165519506
875168237817921536
138820632
896007046956548096
912878237805633536
333486125
4570319554
920685866011512833
932560383927312384
857765242037841924
868584081503789057
245165293
14110267
902603657497239553
1343328979
226598804
2871472265
1260297234
2812531061
785881301438070784
768444757337075712
743877219500560385
211626925
735067280
3377796419
953286338123583488
953059583987240960
721092286046728193
942569414498582529
1948181280
777304985117786112
1297422888
402316453
175805320
4098106205
2951537073
272777314
705169984725590016
951117053120925696
446551352
51848376
850936459557261312
314018719
907059929789452288
1332756979
863528998772645889
2443235584
850921568
795322713942396928
852299465935298560
309875878
704850636022685696
912529960996306944
825561427163377666
828960257338662912
2407987518
4636200802
374482799
4779076037
950960610015051776
813032415602085888
1932338682
715316044638851072
921529196966547457
814097087306563585
3807588375
900813093932064768
18956627
2681100305
2374196817
48849411
946183115332096001
1360517556
2485171815
528978906
841316872847003648
429291315
122635820
487196182
1033801566
813541046902812672
63610615
3482970861
3407911265
877543479466917888
191155717
2757130277
495054449
798000541729226752
879223077237923840
841372481143357440
848714906421657600
909254752525004801
331689397
1268184542
4452149061
2788149507
767534223095980033
790975855241592832
2204174388
2776918117
1909942507
797964555657904128
2796659333
2278261362
219113223
269727729
17129655
917868679307710465
151877529
847211516671787008
799392293581099012
2961056266
801830226594566145
889638243205091333
166770386
941715187161321473
4416369743
2324513960
4739770216
257546832
4913381080
147718546
910407656
4075484969
936035873602330624
740345833938399232
1666450760
947303090058924032
376530085
948364293510230016
4828078371
932375915211960321
1651451672
832032010738753536
897865468471631873
946659494809034752
852696169281179649
948848688
930503188586868736
713407681
135326505
176520917
4728935896
606583721
830576482594516994
193082095
2929357456
868097415068438529
1312262923
778038631906873345
600538326
754795816833912832
4526777475
3393377381
862471107370266626
706950082344656896
4390557202
1493006551
741714245444866049
745474170062929920
475098908
2453532541
903409044454592512
151167504
732890003756490752
764079121
3295814153
875875903594799104
279263614
2539999211
736959494945689600
706862890976940033
163571958
859218767867506688
933847531737448448
3434274453
842609605821775872
938148031148494848
936426257985794051
968753060
898886519020302336
866421027194232834
926985373904986112
1467086089
4236759975
903780695004336128
716683600964489216
948263127103295488
821452098487390208
947464839772991489
903756177217118208
2925088175
461940166
729004530
2418974603
767397847348097024
945668531349225472
828710519464984576
778401969564246016
902934528087511040
916506333263822848
943807544077770752
754541927714869249
818940622946127874
757959631264223232
3411021999
2223841498
934882779896209410
2395520694
1699950121
2210554663
873523052277051392
751901235591208960
821573733143969792
895408157442355200
935304997088251904
937405366266187777
826770564450758656
860967943416557573
886379618726551552
922898068118306822
906986914150076418
899309099468431360
1113531524
914885543695196165
898663393388900353
890407189181059072
902010796200341504
808498879545098240
701963866884939776
3915125902
885986402084810752
289404909
868249290203910144
887058115929178112
243468688
759260790083944448
315479166
771178896804892673
879904182043635713
4127787623
839954615609217024
871836266400276480
856629963042299906
886387010637893632
773974873416884224
871857604275961856
800857038456782849
859906041521336320
863976691638652928
846981000571867136
869392189494878210
870108347378413570
3409061542
865949095625674752
2211651642
2883191541
4572646816
856214472406511617
855208711748497408
854474023606132737
853685544672514050
781530613543235585
1081430220
2747904059
837051718537994241
336888695
761588969821892608
835590071373946880
833333878035193858
832549014587527168
758063103225495553
818507526710972416
759248454732374021
758069376302055426
4826484184
792072952984502273
427062179
827913129275305984
3781703020
4101037215
822981864591945728
762459676462100480
706615931099807744
360281934
3025786546
752690175059169280
826807066450878464
827000884651515909
4393956081
747977595233370112
2176252885
2270328115
757770796815245312
823858630755778560
940416289
295216712
75697164
3042133220
2868026092
724706729225801728
1634148068
1089934705
3030720453
268466257
4270107748
753430775094243328
3587012114
807955762848944129
3228352221
1510922419
821184665667207170
469871542
804930614558425088
750804124799791105
1387690028
3820557148
3326103351
555435642
710491454402109440
742547824244588544
1167536317
741348969201143808
4508576729
4906692118
722492087187464196
758472937326469120
785644367679717376
806903612689485825
802857796068933632
701529696022962177
757745492478558208
757806125597073408
337867589
736997503128735744
773293442483032064
715292196287721472
771298477108256769
3397637157
4890118043
4844394322
759466894999056388
782717506200989697
