1206066531043598337
1184307942927020033
1250052620900843522
1248983793295405058
1238508529163657218
1191772869149253637
1045438508893184000
1245905877766463489
917868679307710465
1196424084407623685
1218960369936490499
1109587760430702592
1131708066989322240
1068838608763785216
968669875186163712
1250676520672202752
1248712537375412224
1249752014445314050
1247725770795081729
1247435261673439232
1204154093729652736
1244944658515529728
1220913573444116480
1219004295338766338
861398692703723521
1242098693534253095
1029042177538699264
1142173942188335105
16613359
897608600381730816
1184801335889321984
1188636322925289472
1111592089140244480
1237120527749255170
1236750451992821767
1235329112799145985
907007454
1234268415524769794
1233549155429163008
336888695
1232409057509748736
1231770121905025027
1210961131021291520
1230329724666294273
1229196233325137925
1228701329369030657
1229741560251678720
1228192652878729218
1201181605559177222
1227040955389403137
1135058029064478720
1225448709967753216
1225649504981942272
1225572686539218944
731981219781562372
1020453578295693315
1224660161106776067
1224169903009271808
1223753878149222402
1223081421360836608
1222602500395667457
1220511168869163009
1216191506542923778
840450924
1163249584119959552
1117970611173773312
1210552543287357440
1220017613239091204
1219748699145936896
1067905030978760704
1183808320072814594
1199000972019806208
1219489194936016896
1219088611330744320
1217877996847222784
1009248946055798784
1375604510
1216195048376872961
816210641992249344
1214602109733232641
1103482085455609856
1042122290803236864
1210915395231596545
837508393346740224
1022997413211058176
1086289682013528066
1195919420801114114
979553322997706758
1209136191808950273
1181951054331678721
1199702753246949380
2466390535
1166360440470953984
903756177217118208
2277194843
3295622980
1053037692655677440
1043832873529352192
958012267441872896
1102026575065812994
1205881193335533569
727189264451162112
758887594268602369
1171583543752966144
1046507240881115139
777221088484794368
1085772340452122624
1171237568689688576
1167921429972738048
1045506781550702592
1022878699895570432
497114969
1083533414572195841
932057378505228288
991138695498616832
1200136819024764928
3092496825
1200083815915544576
1196809695698309120
1050545194930720771
1184273441001746434
1197298614516752384
880221228346347520
1101626670530859008
1197363949425111041
1036640944559407104
1196871491662602240
1195871388780957696
1194750664141873152
1042425930617180161
1191014314037202945
1172677653901578240
1193634811761627136
1192128316481974272
1191749478086258688
1191149738818707461
909599249561718784
1150869184131284992
1179921012521160704
960866679940108288
1189713574345793536
4813966702
1080170664089276416
871707855560335360
147054306
1011396970366357504
936733917230567424
1095749562499850242
753730890996518912
1187316226147733506
946053106927853569
1145847132852822016
1073374027576676352
1152391737463230465
1180644421769019393
1180983843513389058
919213357546266624
1041132300916977668
1177400837842395137
1177341446057340929
1177383916904296448
1176288186080870401
1175175076456669184
708671230
1174155553284730880
952971278922731520
1043250807678939136
850715307534667776
1167214875912937474
1170766048720805889
1170767880658542592
4834795701
1101601903421636608
1157002258816610304
1064685908656615424
1166354611986468865
1083189095692668928
885986402084810752
951254388932268039
944710315824082944
1162390589062680576
954852132947185664
2868026092
1158865697390379008
1103465899024150531
1153315978161414145
1107248245867233280
1039487064721575936
837752918308683776
311696854
1092607149841281024
1130959690798698497
1158148867642277888
1135291747867795456
1138610699557642240
1084474564434952199
1158090186724728832
1095808248094081025
1117975966389800960
1050058468810469376
1157507411030269952
883857162409308161
1023381682576154625
898886519020302336
460210163
1147506639366426624
1156347326182633472
2921763207
1156380145218924545
2279374428
1088867932371857410
3448498877
979420554963902470
1151599262473621506
1001854524951351297
1125830721652908033
1152397249130971136
1124012165801893888
1116771559060967424
1143659295579529216
1143822488356495360
1138940788371525632
1113605709457960960
1072627164774846465
1147506151422078978
2778408701
1147988602942611458
932343335892783104
1147573253189357569
1146462117589127168
1125759702581825537
1134685103957954561
1126929840484048897
1087181189054631936
1118140291494612993
1116422594075463681
3125345297
1114689597332701184
1139153343870373890
877924501283119104
1130907520334258177
96042559
4785128974
959452321095802880
989985334246215680
1111060823420604418
38559575
3936135029
966059938513637377
1121184924327870470
1131884819531665408
1038931044379049984
752690175059169280
849252212828250113
884604760401354752
448885629
348675178
1123797798862958593
1048692348291612680
1118264005380968449
1057723279119671297
842391852644999168
475474811
1116503158891716609
200981465
1085733866323828736
1113253405672247296
949830924962861056
4890118043
969546485271613445
2755158547
1696991059
1105483283721318405
1070114361623101440
734899936425312256
1023055836900454401
1104355720315715585
1103754463972638720
779303126885163009
898942840255922178
1061365884776783872
1102662422949756929
4135536622
1100550132918116352
17341091
1099714252355571713
926605977281024006
1058051667172696064
4325637929
1095417244128030725
2328286978
1043282540826697728
1094650918316986368
926235940737208320
879223077237923840
1092520689201020929
1015680127529873408
1092522506064482304
1004867677867905026
1090918439823331328
1089555759162146816
767144315684610048
1010021107456282625
1086264598699954179
932566772972249088
742139241942163456
1077013853798567936
1079181503618342918
941434776136900610
1082294771283050496
983474975922360320
1059313111520501760
1080593024994942981
1079871321876639745
866421027194232834
1069701441084895233
1034275523567013888
1078034867487756291
918196379213881346
978410269998223361
2430296124
3846563122
730825279380262914
1007729974286143494
903667409407672320
1063177873266274306
855334430767841281
1022885188999753728
1016057014580105225
930175599464865792
1063168432152240135
937872079629836288
1073156065204846592
1005876094225059840
748331948720930817
846981000571867136
790407601926340608
825709910885277697
1070670226994405376
879904182043635713
4870641658
1069008248920072192
734052976730484738
735239565066244096
1030409518633680896
760628608633298945
1065281255300874242
3291183563
1064647573598806017
725057885370195968
1064293008294715393
834908276538150914
1022885790492372993
888234707611246594
1024404209482039302
1063562481954684929
606583721
787789708436836352
331252069
1058847883720568834
1027597949705101319
1055398676007448577
1052246570358398976
732964647368818688
1058010539744550920
1430887544
1055832882487402496
912141705192906752
1034400204290711552
917557728243003392
989607055131594752
1045418266221531136
2300115931
2232173768
975086317875933184
1012100065538854912
909512653298700289
1049431598247108613
887058115929178112
1014576892907843592
1053854383627218944
1054151171512942592
1037880613565603840
1047701656304062469
3339413597
376530085
809590037092462593
1045885216211050497
3670236563
951843907079467008
1042980769763811330
3688732336
790327941402128384
1050760568964083713
895408157442355200
2808895936
1049850352827293696
2951318181
782725922776576000
906986914150076418
930852158941122560
994399230377721856
996507401460346881
1022643274773946368
1049106088262557696
996930248947240961
1048761522497966080
1012775727828267008
1017176037845884928
858891739
951567217359015937
961804072968888321
894523618515980288
253685777
318561251
987692238984634370
710172142592196610
986052181135675393
935334567745073152
826225982688395264
914970499045892096
942571670035890176
1044939924334661632
1044748640751939585
371603254
1044354426218131456
830783193410314245
980634037604835329
967766797901541378
3781703020
2279059176
987423428910166016
2721317685
725349306715267072
2848598104
988601105117573120
992140843145363459
938173624007217153
878041517088223232
990327921322659840
1034989432720564232
792850534021693440
235108322
922788706666405893
904526262
1370538222
2897344143
1032006900362166272
1031910734589054977
981672344488996865
2446174844
1024426322125307904
1029188891352489985
4027573101
477505772
460639914
759260790083944448
3834534587
1023795596996628481
3317945127
744536809380646912
1708278656
4917087513
771906909230301188
3820557148
1020297047285665793
3319164947
772972740420702209
756302316429570049
750804124799791105
916334467685470208
4911744551
987401940035362816
1018941765485776896
1019040571237830656
999830822713741313
721092286046728193
742547824244588544
992543720825348097
902934528087511040
1005199340481245184
782792234945110016
909054523074805765
875875903594799104
4700433616
334341682
1005453782401126406
1014057515896786944
1013186592247353345
945098273693433856
893009789357346816
2886859385
805883910269837313
3412438107
731311835656421376
1932338682
898663393388900353
765693241496838144
836761064
882404573566160900
578034467
804930614558425088
1387690028
857679915000451073
465632422
1002631490637828107
955977280144199680
1006540161432334336
960014946233929728
914201280511451137
903406933360685057
715258070
899058222052651008
980460037960339458
170900728
966080191771627521
387638733
800857038456782849
856214472406511617
1163997474
2418974603
3358648270
3731999601
744390270079406082
340062512
809559141626900480
794686074
726812132843638786
2230243513
4882519161
917942380380262401
759962155647107072
977736051308617730
954472321498181633
989870154984062981
888372365754806273
2223841498
302763312
4798322777
2293108508
800883705355141120
1157456928
3566132487
965693073039740928
978873604149571584
978131677955452928
3434274453
3796259962
953286338123583488
2211651642
972206038832250881
704043578377560064
3411021999
736959494945689600
2992601410
1892083944
910568066978865157
932375915211960321
2883862495
925678689915953152
721889745215832065
736997503128735744
930278469203841024
950906306365394944
3131496262
2871522196
936618659270856704
933559879607955457
3502712955
764870108250529792
928469263689580544
1924514052
907059929789452288
324000109
832385222373232641
918251181209739265
808498879545098240
896887509204054017
3395079915
873523052277051392
804509808380538880
792019400320753665
704361025232048129
809715224966266880
845831631713812480
1063642404
1699950121
837816246968201216
4879558498
4623369034
2842211039
