1255227420849963008
1268151135451451393
1267329263851712513
1128082573492617216
1045438508893184000
1257444609585709056
278134700
1222978930417770497
748331948720930817
1055118782488817664
1244005392612458500
1237120527749255170
1068615436554637314
1145795003203145730
4355253863
1225816553767284736
270016350
1220911480977096704
774679184
2270328115
1219315696942841857
1216908345577222144
852607808646389765
1195919420801114114
1125759702581825537
1204423397008117760
1171583543752966144
1194221224496390144
1085772340452122624
1066510058702471169
1200083815915544576
1037888376832188416
1195871388780957696
1142965913144188928
1194750664141873152
1164388674307538944
1063562481954684929
1185679570760060929
966059938513637377
917594189789126656
940039564734767104
1177709511265656832
1177912120094154755
1053037692655677440
1058847883720568834
475405958
967766797901541378
1168043603538714624
746145570205622272
4890118043
1164326877282164736
1154545172493021184
1160175486485651456
1135058029064478720
1039487064721575936
1158404199367008256
1130959690798698497
3379381221
1154353269084434432
1146462117589127168
741827734222065665
1148754838517428224
1147247416564994049
885986402084810752
1030081292807929858
168382980
1142173942188335105
1140748172853174272
1137881410327535622
1134979084973498373
1136800320321970176
1122937272440184832
3410468338
1100521470458060800
1129767876091621378
1053854383627218944
1030626236245131265
1126929840484048897
1052679333565743105
3403015793
1103482085455609856
1127641499640958976
1045418266221531136
1123797798862958593
1085733866323828736
1120746406262845447
1086686698501754880
846116484187328513
1117982610284777472
1117959235059494913
1117971474172776448
1022885790492372993
4408398015
1115446486400229376
1115106883294171138
1108377151798239233
951756538330349568
1113253405672247296
1094763652689940480
1111672318194003968
790407601926340608
1086789395200512001
751901235591208960
3000641686
899456167386152961
767415036994326528
1699950121
1008528876576833536
794686074
1095778178881241089
386690518
735277405309374464
1005453782401126406
1105950675073204224
1070120527828799488
1103754463972638720
1103004281693786112
1022878699895570432
1058051667172696064
1097261949342154757
2871522196
983433111315865601
1094606384237297664
1088414322970279937
906986914150076418
1094650918316986368
857679915000451073
1086483698957123584
3795069496
1092934656725602310
1092507404347031552
792019400320753665
1092253110628765696
1091298846418845696
1090779299660087298
1089555759162146816
1075602010626551818
1087893683129720832
1010021107456282625
1089530779695226881
837752918308683776
1088617762828767232
1087892114837590016
1086299160616292352
1002631490637828107
780943567766380544
1086070702585925632
764870108250529792
1035499297322754048
286429960
992543720825348097
1057833416056627201
898663393388900353
759962155647107072
3961525817
4851967252
2784904235
240881497
717561774984327168
1079871321876639745
1067151101235990529
813245450786586624
2950566237
1078034867487756291
2271706543
1070312792400506880
1077073143871737856
1077013853798567936
3332028149
128852332
855334430767841281
1074997961350889473
1074631629245689856
3669056476
1073156065204846592
1073054817101189120
116434023
1023055836900454401
1063831666957971459
356448452
890407189181059072
859425314396622848
863528998772645889
1065281255300874242
1064293008294715393
1022643274773946368
866421027194232834
989607055131594752
1024404209482039302
875875903594799104
1030409518633680896
2992601410
1040450317740134400
1019379809623912448
1049335075282857990
1049431598247108613
3314350473
782725922776576000
1024414226847342592
872937252019687425
1051685606567350272
929357990200840193
1050760568964083713
58211787
966350118822785026
4028774194
1038969819855503360
1047701656304062469
951567217359015937
1044206491534864384
2896186803
1041534231002992640
1039314075665215490
1040824849579614208
1037880613565603840
1037306606852231168
1037187706537824256
1026134244261851137
1026222043723902984
978410269998223361
1018987003579392000
728408805931929600
1031181953062633473
1029902023431544832
2293108508
1028046236165779456
1027272676052754433
1004872442186293249
707978862983045120
1025586932246609920
893860629471277064
921072891625603072
1024426322125307904
1020453578295693315
1022637720705921024
914970499045892096
721889745215832065
1007729974286143494
825709910885277697
980537412484042752
890998808217341952
1017176037845884928
972206038832250881
1012100065538854912
859218767867506688
950906306365394944
1016775551728734209
1014552232266739712
1012876776891207680
757959631264223232
742547824244588544
204571704
895408157442355200
978436482850574336
1008852977124368384
841832679146438656
1869045673
1006589856368209922
809934140334280704
799433618020040704
780895563051073537
3135424169
996571670780563458
884604760401354752
938173624007217153
980460037960339458
898886519020302336
954472321498181633
986694795258220544
995331505068105728
4785128974
986718706813358082
942181676792406019
898942840255922178
773706171064737794
942965405353684992
857748157198983168
989264254166593537
766057705392005126
988613511617089537
824916571705446400
960014946233929728
985882357512196097
917580226183467008
790327941402128384
3707701575
983901997312208896
925678689915953152
1696991059
809590037092462593
899309099468431360
734143675400368129
934882779896209410
909054523074805765
2747904059
975086317875933184
908474903350923265
963195244606042112
850936459557261312
968669875186163712
918001740196261888
778014775049674752
828710519464984576
856214472406511617
705790024600723456
868097415068438529
2297050331
885210553538490371
902678406436974592
752690175059169280
887058115929178112
871857604275961856
395871613
772972740420702209
765693241496838144
889466444857081857
886387010637893632
826225982688395264
779303126885163009
832032010738753536
3434274453
2225758974
759260790083944448
880383415509504000
884197049729724418
859906041521336320
2979828209
804930614558425088
487657383
2883862495
778401969564246016
1634148068
3566132487
2446174844
4850324378
1387690028
