1053037692655677440
1255662625813401604
406634486
1254880565704249344
1218960369936490499
1254571934110662658
1123723165514063872
1253439882971820033
1173014600654249984
1253817179709063168
1184307942927020033
1249752014445314050
2924523145
1097295009655721984
1129098702298243072
1231045887641735168
1250935556344864771
1250052620900843522
1088225276889317376
1227238858548334592
1249087346781433866
2730948106
1201181605559177222
1248026416924557312
39182928
1245927018530734080
1115810247896182784
1246627317050458113
818894504887459841
4861556153
1226037534809042944
1244807920921042944
1158849346089209856
1063667753184362496
1214352249348079617
995331505068105728
1128082573492617216
719020604452663296
1244005392612458500
754534702418198528
969407363512983553
1220913573444116480
1144249598313213953
1210961131021291520
786728865620189187
1199000972019806208
1932338682
1239993312381218818
1241347253417230336
1187859330793693184
1239312127946612738
1239257914365415427
1233474497791086596
1238882617682001923
1238068179403931649
1238801223790268422
1216884637185777664
1075607601822527488
941068363274620929
1236750451992821767
1236654261318098945
1233440451778301958
1157506206702944257
1187474497948938243
1026222043723902984
1234268415524769794
732920999776268288
1129806371636035584
1233772630672658432
1223429652468895749
764183330543861760
1233351206564659200
758887594268602369
1232409057509748736
1231423240117084160
922629677042360320
961198978116222976
1040960388538552320
1170868718953553921
990327921322659840
1111383494918316032
1230653733794652161
975086317875933184
1142095127801925632
1229741560251678720
1228797133735780353
1133594755101790208
757987723357683712
1103482085455609856
758455894510280708
1121044230221238279
1227407832024330241
746145570205622272
1227741022920245248
1128447027174682625
1046893661563314176
1170766048720805889
1226019508755800065
2466390535
737189195622547456
821452098487390208
1223211430909968385
1225448709967753216
1224667858116009985
1224660161106776067
1224169903009271808
1223778091736227840
1223753878149222402
1222860740887031808
863214864621350917
1214330380351873025
1222978930417770497
3291721211
1222902076964913154
916433665189662721
1222253000447746049
1219478193423429632
1621634893
2858237775
774679184
1528264225
1005876094225059840
1221273842586464256
1157002258816610304
1220911480977096704
1219748699145936896
1173448294913204225
1216883816331124737
1219764807198560256
1220116159326015490
1135679763480272896
1220176170941108224
1171583543752966144
1219812519180718081
2418974603
1219489194936016896
1219281580675518464
1121236062188253185
1110313421776527362
314126686
1218310402678968324
1037136312321679360
1158191085165957122
1113964792899952641
1187471425684115456
1175175076456669184
168382980
1212137744362696705
1216908345577222144
910568066978865157
1206205113959952385
781652180549902336
784913832003112960
1214694304247173121
1213231214468796416
1213826022203772933
362707678
1045506781550702592
1213568682644799489
1213130316677668864
1158865697390379008
1125830721652908033
1186800128901996544
4536131055
1195919420801114114
1198005310453174272
1022643274773946368
1189150130127167489
1081735022397321216
1027597949705101319
856275436132761600
1209136191808950273
1208919366525505538
1208577810652106756
346299823
1052318573903978497
2472549774
1208174690054889472
1003979487854448641
1187938834769727488
3438713309
1205642203407802369
1203875143463981056
1138143274798067712
1181691040987783176
1077013853798567936
1050570168974368768
1204423397008117760
1204404370311434242
1203733249786359812
742547824244588544
1203475380339953666
1098246812635447297
1055215820790472705
1203046058089205760
1195871388780957696
346693744
1180227471741984768
1200136819024764928
1200083815915544576
1199714176127717376
959489639877959680
4449549575
1161472168506662913
1118103191651012610
1094588670869491712
1006686343681003520
715310101872173057
1170185452260868096
1188647112080269312
336888695
930852158941122560
1192128316481974272
1192422467022807042
1190738124281909250
1167429816884350976
1067777807886049280
1185943449515769858
1183884457109053440
1085123142400557057
1183157134885883906
1182423135469084673
834769943040229376
1180983843513389058
1180634685124296704
2176252885
1180588155612925952
1149380151010050050
1088039293543690240
1175080251787010054
990008320202330112
917594189789126656
1041132300916977668
918196379213881346
3403015793
794622778397884417
757242709253955584
1173970698638741504
904473896744865792
1174680633060286464
1174491487553433601
1174492474896801792
1108168770282012674
1171936818977226753
1660266894
1163632963562684417
1068838608763785216
1172881877784506368
1172723308468604928
959452321095802880
1172694972958728192
708671230
1051175811322179585
1172237351294296064
1117467124908396545
1049003077758537731
1170558009849892864
1169449486621585410
1081666443442376705
1171237568689688576
1170767880658542592
1022878699895570432
736997503128735744
1020453578295693315
1169048331995234305
1597032042
1168308706712477697
1167929083994525696
2758924739
1019379809623912448
4355253863
1161418062664482816
1166375830869749760
1166441573992808448
1165815985351385088
842529929241772032
1164326877282164736
1165070005924507654
1163286416664780800
1154493297425080325
1163678798900076546
1375604510
595835400
1163219876229591046
1120311452240437250
1163652513922506752
1163449796402827265
1157476647173537792
1162390589062680576
1163269306509078530
1162519081305681923
1029713374974812160
1161993622805450752
1140998807158697984
825709910885277697
1134255418769907712
981672344488996865
1150481853335449600
1039487064721575936
1156985193758171138
782725922776576000
730940995127250944
1924514052
1159319809424809984
4653414076
1152397249130971136
1130959690798698497
1001854524951351297
1158533564591411202
747253065401643008
2529000622
1158235289158131712
221819523
58983171
148756867
1158148867642277888
75806726
1158090186724728832
1132343834980114433
762459676462100480
1153037059256463360
1158041390720409601
1150441485214670849
1085444876316098560
1142872568342417411
1115813297746526209
792389232061022208
3379381221
3057764771
1060989273703436289
2995221759
3339413597
1157729762883907584
272209551
279629880
375760490
936733917230567424
1157682699320135680
219113223
2253792775
893498455334768642
1157507411030269952
1157510713709137920
1033892691896135680
1210180903
761367413967446016
3302342061
1156613570555195392
1116771559060967424
966059938513637377
1114590365967888385
1142173942188335105
3395079915
3125345297
1147506151422078978
3936135029
1052679333565743105
1081430220
921141354872401925
1156712309806501889
757402936242757632
1156604254909542400
1126644237523722240
1156380145218924545
1047701656304062469
1148227521701404672
1021988196303949825
894252786845712386
1155241919997513728
1088867932371857410
1133209968344260609
1154353269084434432
1686898298
1131572214573223936
1143659295579529216
1144032681950351361
1118140291494612993
2979089523
1085733866323828736
1142958695468470273
1023381682576154625
828710519464984576
1124012165801893888
1028301938088206336
1050058468810469376
918001740196261888
1144937029245001728
1029793820433625088
1122726339038056448
1045418266221531136
1088551089060921344
776102570863562752
778401969564246016
965693073039740928
306436584
1084474564434952199
1135058029064478720
2911813894
960353300238479360
4043237957
956699111255887872
2270328115
883081865988628480
830783193410314245
3167977725
1057660853808496641
875866438074028032
1121819431699718151
715292196287721472
987401940035362816
955542563850784768
1112780889451347973
1088617762828767232
953316155669741569
1545509534
1035499297322754048
1123822629381705733
866195062891393024
1001700662151925761
917557728243003392
1120064055119577089
932343335892783104
1107450330051153920
884604760401354752
1098954240511348736
1048745925416558593
319854857
2897344143
942571670035890176
1126929840484048897
1010958844904853504
1014942259626856450
779781095399325696
3331828805
859218767867506688
1123797798862958593
1123509119116369920
1106023154462412801
879658441010229248
764870108250529792
1085772340452122624
925678689915953152
1087893683129720832
1120764188694130688
837752918308683776
751901235591208960
1097383769944788993
2539999211
1067905030978760704
1119793865647697920
3915125902
1105212736349396992
1645741628
4080057322
356448452
773358132336664576
1115808808683675649
1022885188999753728
1118264005380968449
1042122290803236864
1117605923663560708
932375915211960321
889291290541793280
1117970611173773312
1117982610284777472
1117959235059494913
862853686741139457
744536809380646912
1117971474172776448
1117965962148503552
58961382
3384062998
736731223704408064
955298621775384577
761588969821892608
1115390426524061696
854015045021429761
3834534587
967766797901541378
1108369064433512449
200981465
2730750214
1115446486400229376
917868679307710465
1115333411718291456
1114717010171187200
587602156
1113605709457960960
1114288690497576960
114049687
1030177137561624576
744390270079406082
1113604899219169281
1332756979
1112568444803866625
1113253405672247296
705790024600723456
461940166
1107849527980183553
3354251092
969546485271613445
596007163
2938331301
925184066554679296
1092404012119396352
1110350722414116866
1111408038924218368
1092253110628765696
2992601410
1641516319
899456167386152961
907968295772585985
1029902023431544832
360281934
1219461690
1111210847987208192
4919534327
2271706543
373390304
1093303687525646336
1108407211749974016
989607055131594752
1083217751441895424
152675803
2209619473
3164495573
1070114361623101440
823226482822627329
1104545750485209088
841951486636621824
1030626236245131265
1105593780508508167
1008852977124368384
2939787281
1105141146286731266
794686074
626084809
1096960520677138432
1103004281693786112
1037888376832188416
911451874611666944
1099714252355571713
1012100065538854912
3359386287
846981000571867136
1097825628395573250
1093455845071949824
386690518
3394766673
983474975922360320
1094650918316986368
2921763207
1093755068531306496
2462668249
792019400320753665
1085383254021160960
1539821546
951567217359015937
1318817216
1001908237057261568
3001245135
1078080012371349504
879904182043635713
771860619293253632
1086815158880665600
963692651357900801
1086789395200512001
1023055836900454401
1086070702585925632
1083765887860125698
1028388258831585282
1084242026353299457
1072245336561860608
1080858177120489472
1078034867487756291
1079871321876639745
1050839945408143360
1078631383566901248
1077173831956074496
1074014554047291392
1067431517280849921
1074010488500035584
2611980665
1068872360764366848
1070312792400506880
866421027194232834
1069008248920072192
955977280144199680
75394321
1065668118339567616
835846441
1064259475857653760
1024404209482039302
860619341678727174
1060701247840378881
1057081012684050432
1030409518633680896
704043578377560064
140519633
895408157442355200
1058010539744550920
1053854383627218944
950609395733467136
868968959915290625
989985334246215680
1054151171512942592
1049431598247108613
1052338687948787713
1048761522497966080
790327941402128384
3781703020
1017504326812618752
1049335075282857990
941434776136900610
1034275523567013888
1022885790492372993
1003823067137740810
1046824885656403973
1047008880084094979
767415036994326528
1038191825411076096
792110247309697025
809601570732130305
1678835706
4229255871
1510922419
178440129
1041711517144514561
800857038456782849
878041517088223232
984894465675612161
1013924730598903808
992140843145363459
778027666947604480
3393377381
924792275263217664
1013562366028668928
1017176037845884928
779759559439183873
1027798333572694016
1028046236165779456
1026691982675116032
1024725412537090048
890998808217341952
791668340444004352
1022718808866410496
737790344503427072
976996346505854977
1024426322125307904
1375547618
1019282391133835265
1019035644960665600
972206038832250881
1004872442186293249
922788706666405893
1011451879933534213
983433111315865601
959048757798203393
958155176359194624
2848598104
354605559
1007966774351065088
976691142912872449
1008863895468077056
914540384298131456
1007729974286143494
838806191610478594
242912299
792933213220040705
986430560280236032
996569758584791041
950906306365394944
996974536523505664
812146610138386433
1000536017001205761
748331948720930817
395871613
889153470498058242
4855980183
3434274453
740596827339247616
2293108508
841832679146438656
830997849672409088
2281472862
4127787623
989264254166593537
1110738804
986052181135675393
985882357512196097
4870641658
2327693994
985641053431717888
811735845887758340
979420554963902470
793559985120743429
767144315684610048
954472321498181633
936728869746413568
3795069496
81769886
953286338123583488
969753904501133312
940307642211332097
968603571934715911
929164026046754816
960014946233929728
890407189181059072
128852332
4893004888
1603417754
903409044454592512
1696991059
961186818657013760
932633092682145793
718128357871853569
856214472406511617
1529421416
606583721
839260668800958466
469871542
883857162409308161
1270905542
950719479687864320
4675650836
899309099468431360
341015312
3006967853
759260790083944448
942397610865954817
184695028
902934528087511040
946183115332096001
349950592
821573733143969792
808326005748330496
943185981745844225
570491101
240664550
4729949003
3707701575
760617375553228800
3311913729
938946719685005318
857679915000451073
938031118653280256
1695456756
875506145133244416
445067792
1066591788
922537818391539712
2864626156
2883862495
2227542032
935304997088251904
717001818539040768
933768293533605888
3820557148
3326103351
3418988440
752690175059169280
1157456928
872937252019687425
396496556
930278469203841024
115108849
735067280
929790848203706369
926554970790522880
929157985603026944
1715779321
836508606128340992
918481535841513472
721799108353200128
4221848595
856295659900735490
713407681
765693241496838144
868097415068438529
3496266383
3399457222
2868026092
904898389439115269
415166344
826623753278935040
2779336503
826225982688395264
3207514582
887058115929178112
2230186536
882404573566160900
731311835656421376
4508576729
898663393388900353
859906041521336320
857054619922554881
853196034
902754113464750080
832032010738753536
1965121550
871857604275961856
721889745215832065
