1150603198585036802
955857913955962882
1204564684621389829
1192587905178451973
871507052195192834
932566772972249088
838542285646225409
1243918859557634048
986052181135675393
1248983793295405058
1054745097374498818
1214246856261132293
1158367899108683776
1199746040699785221
1010354795662725120
947084691475238913
966350118822785026
1159570480824823813
1231423240117084160
1092253110628765696
2921763207
4476343468
4872907739
969407363512983553
1219004295338766338
1049064909147963392
958155176359194624
1232017282433503232
1213341744550404096
1246284903815229442
1218960369936490499
185388619
1634148068
1220913573444116480
1244005392612458500
1089338045785083908
2925088175
2472643652
336888695
935334567745073152
1237906634204155904
1242126461370327041
1199000972019806208
1241495388789575681
1107683858458251264
1240479703884070912
1105173109852827648
1238218533571616769
1140237684906045442
1229302611154743296
1239372455875051520
1305340112
782725922776576000
1119099998010871808
1237120527749255170
1209136191808950273
1136800320321970176
1222662947949989888
340920763
866421027194232834
823625991717289984
765693241496838144
1234268415524769794
1234525983757217792
1134622250039205889
1226037534809042944
1167429816884350976
1231988564835041280
1125759702581825537
45559302
1229741560251678720
774679184
1228886010295091200
1022885790492372993
1227388588586930177
1228543912756891648
1137107444239405057
1141468348875776001
1126692842485633024
1025134479885721601
1545509534
780497123003473920
894252786845712386
1096895532553912320
1056266052286509057
1165273558358138880
1222563301726588931
1621634893
1220044596039819264
1219748699145936896
1218902707525820417
1218715256400293888
736959494945689600
1187471425684115456
1013144262412730373
1215283874223312897
1214223367852544000
1214140622208036865
1158865697390379008
913249969078964224
981177587924905984
744390270079406082
1122726339038056448
1008852977124368384
965693073039740928
1211457407869579266
1211040459734171649
856275436132761600
1052709092622573573
1199702753246949380
1208589911638585344
1198026620667408385
794686074
1067905030978760704
1081783177478373377
1204565281181519873
1204404370311434242
1115808808683675649
1168574337252823043
742139241942163456
1148227521701404672
4646638527
734143675400368129
1200528344175054848
2466390535
1175434327875837953
1198903506662576128
1041132300916977668
1149686307947536385
1177247024279949313
968669875186163712
1197833559073050625
951843907079467008
1188647112080269312
810861824094650368
936733917230567424
1169048331995234305
1195365020290494464
1196000598212194304
1022878699895570432
1055842736543358976
3411021999
1147506639366426624
1194965849238654976
1110988301866074112
1192128316481974272
1192184937182646272
1191474568118095875
3580716263
1185679570760060929
1150995623866490880
1185927647072784384
1011086363712770048
1184507442379612160
726812132843638786
1149380151010050050
1050570168974368768
917594189789126656
1177244039491543040
1158090186724728832
1158748331868401664
1641516319
1176217024072208384
1126463217323192321
1174819889619619840
1174155553284730880
942931880097320960
1147937989840035841
2270328115
909054523074805765
950609395733467136
752640351463149569
885594535878938624
854785482
918201369236049921
1170766048720805889
4913381080
1145934673622786048
978439427633635328
766403706665496580
899309099468431360
1158494619627413506
4355253863
1070120527828799488
1165815985351385088
1134778985764794370
4496022075
811673614600798208
2730750214
992140843145363459
1029042177538699264
1158480927821090824
1028731194022744064
1067777807886049280
1155524972003188736
1029713374974812160
1162705012692344838
1154493941804351488
877924501283119104
1007966774351065088
3820557148
830997849672409088
867184037785456640
1375604510
68845734
1150243082539032576
1141436311636762624
1036732936501035008
1329825194
749952724385562624
495038384
960353300238479360
1159619930343559169
1061386459519877122
1159148548098859011
979420554963902470
1030177137561624576
1156786478451712000
1116771559060967424
834043927317639168
1156218512261734400
1157507411030269952
1094036815076577282
1085444876316098560
1088867932371857410
119177171
1012100065538854912
1125589262647398400
952982737908101120
1146462117589127168
1144032681950351361
989607055131594752
1023373294186242048
700488925996044288
1143659295579529216
1150468072790269952
1150447366052425729
852024382482333704
1147972899309019137
1149262176210817024
3319164947
3140873446
1006273011832492032
809590037092462593
1116422594075463681
1120479455229689856
1123797798862958593
841832679146438656
3310954495
941068363274620929
1010958844904853504
4865746673
937873706872909825
1143142804564189184
3302342061
1083908696932057094
1142173942188335105
987401940035362816
227678669
1092522506064482304
1074718888439545856
1111042763729047553
779781095399325696
721092286046728193
901112187611209728
3395079915
907408981802541056
1136498107397619712
1126686470150844419
1133058531572277250
1135719115182739457
772972740420702209
1094451467203821569
702333700906852353
744525162410827776
1134301344532238336
3310188196
1040275485480181761
1133029215257923584
1621923211
1696991059
1037888376832188416
1026595010857369601
1119848797310476288
1976135106
3332028149
891179596837736448
767144315684610048
3496266383
1103482085455609856
1971582259
2341077894
315213022
1110931442308206593
2868026092
781530613543235585
900624869037150209
1073403246562209793
759260790083944448
373390304
1026704122475634688
735239565066244096
1023055836900454401
3834534587
890407189181059072
2965539970
931308104381337601
3137129929
4229255871
744536809380646912
757242709253955584
1126929840484048897
3241938125
883856792605863938
859218767867506688
884604760401354752
1123617499814166535
4870923189
1083126128745820160
942571670035890176
1060989273703436289
752690175059169280
832032010738753536
1119993320011390976
825709910885277697
4738420696
1107450330051153920
346046158
3915125902
3707701575
1045438508893184000
2274132460
912141705192906752
4449549575
1031894506331824128
1117605923663560708
719020604452663296
1115446486400229376
1104134211995348994
547140103
881707769568669696
1111996465285685249
884443714571165696
1113673497404899330
902934528087511040
1113119849708994560
877283688895197186
954128599711395842
924281271651569664
1086789395200512001
950906306365394944
708671230
2210554663
800857038456782849
1094650918316986368
1008717067388964865
1092825174737649667
1195427952
1011451879933534213
3961525817
769286206869889025
1105212736349396992
596007163
1097966023523872769
808322108052951040
953286338123583488
879904182043635713
779303126885163009
809893777594875904
793253893782310912
767415036994326528
286429960
306489000
1932338682
1084286906186301440
734052976730484738
887764165556924417
846981000571867136
879207343090802688
836827051139137536
1083189095692668928
1030409518633680896
981672344488996865
261917386
1104545750485209088
967437825347112961
1103754463972638720
969030041697964032
1102026575065812994
1045418266221531136
990327921322659840
168382980
1029902023431544832
1086637967677014018
1093951607732084736
1030081292807929858
490859520
1043334043255881730
1048011613591261184
1070312792400506880
356448452
938173624007217153
2271706543
762459676462100480
817858743731949569
899387850432675840
889301868136062976
747208305811001344
992543720825348097
731919223182725120
855334430767841281
955298621775384577
922788706666405893
1073029757548269570
116434023
1072627164774846465
1072245336561860608
1066323011576434688
1048692348291612680
907059929789452288
969546485271613445
548215056
1042075680132014080
1064293008294715393
1062855305523093504
4785128974
2279374428
1022643274773946368
2275514514
837752918308683776
1037880613565603840
847197392705400832
1027597949705101319
721889745215832065
1056715094376235008
973323601289121792
1056686868249616384
1053854383627218944
2418974603
1025447863382433792
2979089523
773706171064737794
873406978923663360
1017417535132557312
751901235591208960
972206038832250881
957313356368699392
811735845887758340
3566132487
4855980183
173609310
3421185748
1052705511274110981
4508576729
1036350907850678272
1051685606567350272
888372365754806273
2951318181
3670236563
285193820
725349306715267072
937121318411079680
723936698208534529
1036723115680772097
951567217359015937
917868679307710465
2670352880
766057705392005126
1039314075665215490
307089202
782778858697289728
1028388258831585282
841951486636621824
878041517088223232
1036706454701568001
1005453782401126406
4917087513
1036640944559407104
403013509
883857162409308161
914970499045892096
4701590693
1032317805348179974
938896567469211648
993291819558621185
817786110319427588
