1249752014445314050
1241921814600835073
1245905877766463489
1082798221758365698
1250978676520386560
116434023
1248712537375412224
1249739370703306753
1086255429225799680
1172981334115061760
1247230499464130563
859218767867506688
1183093045228724225
964161032884277255
1247435261673439232
832517665000415232
1246284903815229442
1245571341530497024
1191772869149253637
1245124658065805320
1241925998
1220913573444116480
1243363869281726465
1232017282433503232
1218960369936490499
869314969699049472
704051176896122881
1242098693534253095
3241938125
1240860891471634432
1241381877979676673
1241355343231422470
1229902826073206784
1239924859121152000
1187859330793693184
1238218533571616769
346163487
1179749383404957697
4654268140
1063782708554489857
1170868718953553921
1089380355600277504
1040275485480181761
1235329112799145985
1235662805778534402
1136800320321970176
1234466386346377219
1054745097374498818
1234268415524769794
1233549155429163008
1190738124281909250
1022617884076466176
758455894510280708
1143195401987772416
1226037534809042944
1232410737194209285
1116422594075463681
1232409057509748736
1231352056704884738
1231770121905025027
747977595233370112
1210961131021291520
336888695
2196391586
1178280725587660807
1131708066989322240
1230329724666294273
1199386107487621120
825000973781196800
974326187278393346
1230194529287987204
1210718984481525760
1229877775647027201
1221279419123347456
1132806445521612805
1229741560251678720
1133594755101790208
701220816885784577
1229196233325137925
412536618
1229447438718709760
1132738264417361920
1119848797310476288
1229109730154598402
1124402903656140803
1228352036355420165
1133010348607463425
1228499772316798976
1180864129348841478
1228192652878729218
928308938600271872
1227741022920245248
1227207077522702336
846981000571867136
1227282345243357188
4174679657
1227040955389403137
1226698679366639618
1226999999747231744
1226975103746965507
1201181605559177222
960866679940108288
1180235206709710855
2591850403
1135679763480272896
1189713574345793536
1225649504981942272
4476343468
410156027
1198263173016694787
1224660161106776067
1178672369856057345
1224383477442863106
1184651089964142592
1218339408824492032
1305340112
1064714595850510342
987692238984634370
1223753878149222402
1221823126083964929
3936135029
1117605923663560708
1223081421360836608
1151688700620890114
952982737908101120
1084204363558600704
4874615213
1222253000447746049
1158761562821337089
934961784838148096
1208589911638585344
1214246856261132293
1124012165801893888
1615769916
1220653494924988416
1220017613239091204
1220452983630188544
1220511168869163009
1218728409519529984
346046158
708500054626144261
1219748699145936896
847299326652989440
3947682969
1219489194936016896
1062855305523093504
1219004295338766338
885594535878938624
1141468348875776001
1217254893318299648
1219330021946470400
1219088611330744320
1086637967677014018
715258070
1218715256400293888
1186857395697442816
1217877996847222784
1009248946055798784
1217276437138497542
1207799270830727169
1216195048376872961
1064282622552154117
1204918011074887680
816210641992249344
1214602109733232641
1140237684906045442
1212863886405193728
1213538703143866368
1213130316677668864
1212415443551416321
1211751148220084224
1183911942391586817
1200836034365448193
1211040459734171649
1210862789507420160
817858743731949569
1210359130965319680
1201238322582114312
1168574337252823043
1209136191808950273
856275436132761600
1199702753246949380
1208577810652106756
1207435757423607813
1207903310512082944
1207709396157026306
1157991019423698945
1170715989509623809
417414565
1702700618
980999314943209472
1206565457022599168
1206351251241353217
1199391978041073664
729004530
1206189795501858816
1070059813126766593
1110931442308206593
1203840219679797248
1204560394964086784
1182633314
966350118822785026
1081063127796629505
3395079915
3412438107
1203875143463981056
1119689924
1187218794340589568
1200246810436128769
1198354673129930755
1146442822939283457
1045506781550702592
162829434
1083533414572195841
188562689
1200528344175054848
960353300238479360
991138695498616832
1069616326665216006
1050545194930720771
1175175076456669184
1200136819024764928
1924514052
1199000972019806208
1190358576130404354
1085772340452122624
1197298614516752384
1198218543877304320
1198026620667408385
990273061256613889
1195871388780957696
774318139249139712
764870108250529792
1196424084407623685
1191014314037202945
1184273441001746434
1154493941804351488
1057082396997283840
1022878699895570432
1166360440470953984
1058847883720568834
1146074529606905858
1067905030978760704
4098909021
1194965849238654976
1158480927821090824
1091801714250956802
1193634811761627136
1193192576515543040
3398189836
1002359377448316928
1192128316481974272
3580716263
1191749478086258688
915976015175933953
1143628098384093184
1191149738818707461
1172677653901578240
1191474568118095875
955111840043950080
1190362799123435520
1093303687525646336
1117970611173773312
1133892736585818112
956699111255887872
758887594268602369
1150869184131284992
1144006515923324935
320466847
1187426534967201799
794622778397884417
1188494703215497216
1181951054331678721
2466390535
1169592903267753984
1187316226147733506
1186961330948972544
1025062407947931648
1184180662615584769
2758924739
1183512804214616064
946892345814941697
834769943040229376
2491967726
1152391737463230465
1181016551950094337
769986528697262080
1149380151010050050
1180257301996937216
1179921012521160704
1068838608763785216
822943918778105861
2334703162
1041132300916977668
1149522977626578944
1177383916904296448
1003823067137740810
1177341446057340929
1177247024279949313
1176288186080870401
727189264451162112
1022997413211058176
1325644706
1147506639366426624
967160924145639431
1174634435024760832
1174492474896801792
1174491487553433601
889975089118236673
3228352221
952971278922731520
1172884001515802624
1163103810799243264
1053037692655677440
1108818988845461504
481613413
2758930169
778401969564246016
1170767880658542592
1170766048720805889
1037083240765562882
1066820740991905794
840450924
1169460137884618752
4834795701
940039564734767104
1169386595235041280
724571995
939624580938915840
918196379213881346
1168043603538714624
1157002258816610304
3140873446
937121318411079680
4496022075
1167997516807323648
816441222785073152
955298621775384577
1115880207133675523
4355253863
1167267635177951232
1167214875912937474
1167157820686557188
979828267111809027
497114969
1971582259
875866438074028032
1165815985351385088
1165663429853679617
1081783177478373377
951254388932268039
1111781792900698114
1165428879781236736
1165418815326437379
1165229867471974401
1165075836493619200
1158865697390379008
1165040542629158917
944710315824082944
1163632963562684417
1163997767049650176
1163449796402827265
975086317875933184
1043282540826697728
1161708646084042757
1064685908656615424
836827051139137536
1158494619627413506
1081710064958926848
950396874028212224
2279059176
1134255418769907712
1153315978161414145
1100479333452447745
1039487064721575936
727564453999480836
1020297047285665793
1158693547400466432
1130959690798698497
715292196287721472
1138610699557642240
1158299574907351040
1157507411030269952
980998674561032192
877283688895197186
1095324155921268736
966059938513637377
1151599262473621506
1156380145218924545
1154438371755941888
3273373928
1089992434464051200
953632970883166209
1663527996
1088867932371857410
1111060823420604418
979420554963902470
1154593622626570240
1467086089
1108464288493158400
1892083944
1023741281191841792
839581591848513543
1150603198585036802
1001854524951351297
4701590693
797933262823952384
1018941765485776896
996507401460346881
1148227521701404672
1023381682576154625
1144621031665143809
774240652813070336
1032006900362166272
736959494945689600
1143659295579529216
1100521470458060800
1149709376636313600
888234707611246594
1032317805348179974
1088414322970279937
894258667691921408
883856792605863938
1147573253189357569
1147506151422078978
1141487047611469824
1146462117589127168
1014552232266739712
871707855560335360
937873706872909825
1082266995264028673
1118140291494612993
3092496825
1143133498548600833
1138987027695845376
1142481442821287936
1030081292807929858
1140001251318517763
1008717067388964865
1140399243410231298
1126929840484048897
781523572086960129
2255286289
1139153343870373890
1136626686311751680
959452321095802880
909054523074805765
958155176359194624
1136428016400248834
1120479455229689856
1034275523567013888
756302316429570049
877924501283119104
779812427403755520
1136264189964632064
1136498107397619712
1087892114837590016
1696991059
1094451467203821569
1005398375347482625
883857162409308161
1131884819531665408
767144315684610048
1131698916926349313
1373872562
1129767876091621378
1130907520334258177
1130624844654153728
930852158941122560
1130499493017870336
705458058449784832
1126692842485633024
2446174844
1066698434919522304
779781095399325696
1125531925211484165
1005876094225059840
1127692181530206209
1127281828698701825
955124521303969792
1078436827172925440
787789708436836352
1105653281676820480
340062512
1079026083482296320
1126463217323192321
1011766762914877441
1125759702581825537
754145396272824320
987423428910166016
1123797798862958593
1048692348291612680
1117965962148503552
1053389690617905152
973323601289121792
1122726339038056448
884604760401354752
885180365786292224
2495364955
4738420696
1096982161729732608
1116771559060967424
727329391877959680
1119793865647697920
1119320517067067392
1083189095692668928
1118946764063682566
1118264005380968449
1115929533532856322
4691446334
2904399814
315213022
1112134233248710657
1114689597332701184
1066510058702471169
1107248245867233280
340920763
173609310
1103482085455609856
932343335892783104
1103868309408178176
825709910885277697
1115446486400229376
2341077894
749787258878849025
1115283863503278084
1114957666605051904
324000109
1105593780508508167
1113253405672247296
2730750214
1112486542449229825
1105212736349396992
978725874139844615
1110988301866074112
3000641686
1111076975261728769
961101024021942272
954852132947185664
1004910678958837761
1059595860198281216
2897344143
878041517088223232
1108102559686905856
1012100065538854912
1101626670530859008
1107450330051153920
868896123175534595
739497369000153088
4127787623
978410269998223361
1097966023523872769
734899936425312256
1104545750485209088
903667409407672320
780943567766380544
893860629471277064
888372365754806273
4870641658
1094036815076577282
1025447863382433792
912141705192906752
4785128974
906986914150076418
1103754463972638720
905437392328425473
1047701656304062469
818940622946127874
980634037604835329
837752918308683776
1072627164774846465
1102026575065812994
800857038456782849
1027597949705101319
1084635241921347584
754133252131127297
143295916
2921763207
1002631490637828107
968669875186163712
1058051667172696064
1092804955730309127
3834534587
1092520689201020929
866421027194232834
2274132460
1036640944559407104
1081430220
1085383254021160960
1094650918316986368
955857913955962882
917868679307710465
2871519335
809167078494240771
1088039293543690240
879904182043635713
1089338045785083908
1090918439823331328
708671230
3915125902
1086920848722849792
2279374428
1045418266221531136
1023055836900454401
932566772972249088
1080943021896667143
606583721
1077013853798567936
931936526061199360
773234771518423042
4917087513
1069701441084895233
938929247594385415
489879806
2911894233
760628608633298945
942931880097320960
1078631383566901248
1078065433750704132
831251768847769602
1332756979
721889745215832065
1078034867487756291
2271706543
1075035567480627200
855334430767841281
170900728
937872079629836288
930175599464865792
4852501161
758699838309621760
926983456474660864
744536809380646912
748331948720930817
1072245336561860608
1070670226994405376
794686074
903756177217118208
1067151101235990529
1069008248920072192
719020604452663296
850715307534667776
1061958673919066117
1065356973049331712
1064302542723657731
1064703926933614594
1064293008294715393
1063577349139169280
961804072968888321
2598663204
858891739
773706586154041347
792850534021693440
1030409518633680896
2992601410
791365643845140480
1052246570358398976
1057039274007240704
1052363863243415553
1049431598247108613
932480089421426693
942571670035890176
1053854383627218944
1036706454701568001
1039316961375735814
4875079215
734052976730484738
1050760568964083713
946053106927853569
1049106088262557696
1048761522497966080
253685777
725349306715267072
714613748888166400
909512653298700289
1045438508893184000
826225982688395264
1044939924334661632
1044354426218131456
2831046281
1038838234829283328
1040824849579614208
910568066978865157
3781703020
928469263689580544
951567217359015937
1037880613565603840
1037888376832188416
1035391475230679041
857679915000451073
2611980665
847937802004246529
1019379809623912448
873523052277051392
1034989432720564232
990327921322659840
1013562366028668928
1029188891352489985
1034400204290711552
4820064965
1029207424924835840
830783193410314245
981672344488996865
1007729974286143494
1030416488472166400
592848513
954472321498181633
1028046236165779456
1027272676052754433
967437825347112961
1024406136575979520
741390803512266753
769286206869889025
779805817159704576
993291819558621185
889301868136062976
719404516563660800
924281271651569664
1024426322125307904
976996346505854977
823885771107139584
1023373294186242048
1022885790492372993
980460037960339458
1019668471364358144
1022643274773946368
1019459648414502913
1004872442186293249
730825279380262914
752690175059169280
4075484969
344921682
4693580994
1011451879933534213
987401940035362816
1017176037845884928
620957345
882404573566160900
713609278909710336
903406933360685057
967766797901541378
765693241496838144
2848598104
850936459557261312
889291290541793280
759248454732374021
2938261449
935304997088251904
922788706666405893
1000536017001205761
1013924730598903808
712783135574999040
992543720825348097
782792234945110016
1000454029586165760
918001740196261888
1013186592247353345
3314053187
1634148068
744390270079406082
758063103225495553
908474903350923265
2950566237
721092286046728193
767729194730156032
1011396970366357504
805463772341084161
734934148092157952
1011054275336826880
989870154984062981
1387690028
999830822713741313
914970499045892096
1005453782401126406
751247278929809409
4885640152
989607055131594752
961810669103280128
911748705392500736
3137129929
725057885370195968
764183330543861760
745063669034270720
759962155647107072
955977280144199680
4229255871
832032010738753536
3411021999
1932338682
986694795258220544
779303126885163009
780895563051073537
2223841498
3670236563
751986296533487616
885986402084810752
880221228346347520
753730890996518912
726812132843638786
2211651642
465632422
737018767553798144
2334892588
2763233141
2868026092
704043578377560064
856214472406511617
902934528087511040
3566132487
986052181135675393
3357977073
2322526243
841951486636621824
965693073039740928
3319164947
3846563122
960014946233929728
2965539970
2293108508
962807608578060289
2871522196
773706171064737794
448885629
318561251
4882519161
3042133220
3023599744
938173624007217153
969546485271613445
274630715
925678689915953152
3131496262
895408157442355200
3434274453
3198249283
809559141626900480
1157456928
872617542174617600
808498879545098240
953286338123583488
936733917230567424
4616934983
932375915211960321
2813978379
972206038832250881
950848515915309058
737189195622547456
907059929789452288
936618659270856704
3820557148
967591747009368064
800883705355141120
811735845887758340
1699950121
3796259962
578034467
791668340444004352
4135536622
832385222373232641
875875903594799104
792019400320753665
932057378505228288
3386773019
736997503128735744
773331480386953216
3322001723
752640351463149569
859906041521336320
871123615256915968
731311835656421376
771298477108256769
832549014587527168
841832679146438656
742547824244588544
917557728243003392
