1269427827826470913
1093303687525646336
1210279456612503559
1265851705553543170
828710519464984576
1174891935133130752
3824931495
1268563547958718465
1085712294024306688
1184393018847170560
908407950745722880
868896123175534595
1020297047285665793
1262901424620539904
1258600549575995393
1182394897027997701
1175434327875837953
1179123785963843584
1259733463063605250
975346247803523075
1039893739047735296
758337541120614400
1258954490239160320
1200836034365448193
1232017282433503232
1075038009500819457
959452321095802880
1022207337757659136
1046455005165875201
1185926265859166210
1230899646349955072
1252043106981158912
1218960369936490499
727189264451162112
1005876094225059840
1251311667125858305
742139241942163456
1247435261673439232
304360376
1246284903815229442
1176825076064432128
3351559312
1161663795401560064
969407363512983553
1243326171355451393
1099432981645717510
830997849672409088
1234528210852904960
1238218533571616769
1193634811761627136
1217769550294540288
1135058029064478720
704043578377560064
1011451879933534213
1237120527749255170
1133206025413308417
1158761562821337089
1146462117589127168
1235329112799145985
1232505431802642432
1234268415524769794
1231367724762357761
1055118782488817664
2772139257
1220511168869163009
1231770121905025027
807955762848944129
1210961131021291520
1157476647173537792
1219437914616213506
1230329724666294273
1229877775647027201
1229196233325137925
1103465899024150531
1045435191232221190
1228701329369030657
1229741560251678720
1201181605559177222
1223666536809975808
1228352036355420165
1228192652878729218
1228419607003877388
1096982161729732608
1170868718953553921
1215756075108093953
1223975395944468481
1227040955389403137
1129916538683908098
1135679763480272896
1225448709967753216
4098909021
1211076006250856448
1044748640751939585
1223753878149222402
1002631490637828107
4203712319
4874615213
935334567745073152
816210641992249344
4355253863
1204918011074887680
1221279419123347456
497114969
1220911480977096704
1218728409519529984
1219748699145936896
1219489194936016896
1219088611330744320
1184273441001746434
1205567317402378245
841951486636621824
877283688895197186
3302342061
1027249255667384322
792850534021693440
2211651642
772886558680707073
2223841498
1216195048376872961
1057723279119671297
2758924739
1052705511274110981
1195919420801114114
1103482085455609856
1210862789507420160
766403706665496580
1131708066989322240
1145513861400993797
1022997413211058176
1209136191808950273
856275436132761600
1052709092622573573
1208577810652106756
1204560394964086784
715292196287721472
1041132300916977668
1199000972019806208
1205865675954229248
1157506206702944257
1023785336286183425
991138695498616832
1072260306636861442
1138994394613374976
1077013853798567936
1203875143463981056
879207343090802688
1195474388214304768
952982737908101120
1018941765485776896
967766797901541378
1083533414572195841
1080170664089276416
1375604510
1200136819024764928
899456167386152961
1198026620667408385
1050545194930720771
1199537576388038659
1037880613565603840
1107248245867233280
1013186592247353345
1094763652689940480
1197298614516752384
1168574337252823043
1195871388780957696
1191585560579760128
3332028149
925123562251411456
1042627436
782725922776576000
2573127023
1117975966389800960
1095635276481941504
1166360440470953984
1194965849238654976
1091801714250956802
3398189836
1002359377448316928
1192128316481974272
3131496262
964161032884277255
1146202806036180993
1191149738818707461
1163449796402827265
1189713574345793536
3140873446
1971582259
1111781792900698114
1187316226147733506
877924501283119104
1114717010171187200
1126463217323192321
903766953415905281
956699111255887872
1133140790610399232
1100521470458060800
448885629
942931880097320960
736959494945689600
1101626670530859008
757242709253955584
764183330543861760
1699950121
790327941402128384
752690175059169280
1030177137561624576
859218767867506688
834769943040229376
708671230
1102026575065812994
1094036815076577282
4127828129
3670236563
2979089523
3319164947
1038838234829283328
917594189789126656
1177760919016919040
981672344488996865
565399232
727329391877959680
1088414322970279937
903667409407672320
1126476031815245824
1043250807678939136
808809789358796800
940039564734767104
336888695
1169958656034648065
1153282403147886592
429549181
1170766048720805889
932566772972249088
2269639281
917018616012398593
1167157820686557188
1168043603538714624
2868026092
1167997516807323648
1226448330
950906306365394944
1022643274773946368
1167894476494426112
1071247155791310849
953072783940050944
924792275263217664
3411021999
848675456685662208
817858743731949569
1117605923663560708
966080191771627521
725349306715267072
1072627164774846465
931936526061199360
791765271623110656
979420554963902470
989607055131594752
1081735022397321216
3820557148
840450924
1158865697390379008
1154493941804351488
942571670035890176
1017504326812618752
724076909584375808
1057082396997283840
1111060823420604418
724571995
1025062407947931648
1048409845924290560
1133144717951209472
1161963983492005888
3437430177
950396874028212224
1696991059
1039487064721575936
880221228346347520
1122726339038056448
1092607149841281024
941068363274620929
1125830721652908033
1053037692655677440
1157507411030269952
1073374027576676352
802674412646502400
1156380145218924545
1155878082512904194
1056965960157065216
1088867932371857410
1112780889451347973
990327921322659840
1116771559060967424
2871522196
1023055836900454401
871707855560335360
1151503251986161666
918196379213881346
1150468072790269952
1150243082539032576
1020453578295693315
1019379809623912448
1148227521701404672
1147972899309019137
954852132947185664
987692238984634370
1032006900362166272
1892083944
1045418266221531136
1134301344532238336
1142173942188335105
1022878699895570432
1098841248
1932338682
797525720373358592
1036723115680772097
1025447863382433792
2159928709
747872014208229376
1134255418769907712
1066323011576434688
1053982971093495810
1031894506331824128
937872079629836288
1052679333565743105
960014946233929728
1124012165801893888
937121318411079680
930852158941122560
950609395733467136
1114689597332701184
1117971474172776448
885180365786292224
767144315684610048
1125531925211484165
1030626236245131265
987423428910166016
116434023
746145570205622272
922788706666405893
3834534587
1126929840484048897
1050058468810469376
1036706454701568001
1022885790492372993
1125759702581825537
972206038832250881
821187749130698752
1116422594075463681
875875903594799104
744536809380646912
1008852977124368384
751901235591208960
3043728663
965693073039740928
830783193410314245
846981000571867136
4496022075
1047701656304062469
1123797798862958593
2611980665
857679915000451073
1017417535132557312
1118140291494612993
1101601903421636608
1040824849579614208
1009248946055798784
1107450330051153920
1113575505893236736
782778858697289728
1048692348291612680
993291819558621185
4738420696
1070114361623101440
4616934983
992543720825348097
909054523074805765
1053854383627218944
1115446486400229376
847197392705400832
2334892588
1113253405672247296
850936459557261312
989870154984062981
3000641686
917557728243003392
1083189095692668928
832032010738753536
936618659270856704
1105212736349396992
735277405309374464
1037888376832188416
1106883550106783744
734052976730484738
1094650918316986368
2921763207
935304997088251904
725057885370195968
2730750214
961810669103280128
983433111315865601
980634037604835329
2300846610
482450616
1011215229915684864
1092520689201020929
2939787281
1104545750485209088
1103754463972638720
340062512
887764165556924417
1027597949705101319
782792234945110016
1056715094376235008
794686074
760628608633298945
1004910678958837761
883857162409308161
1045438508893184000
951567217359015937
763437168937340928
1015235629368692737
1096151684072554500
304750263
758063103225495553
899309099468431360
1032317805348179974
3566132487
1096253289551810560
1086637967677014018
765693241496838144
846116484187328513
978410269998223361
4917087513
879904182043635713
1067905030978760704
1035499297322754048
1012100065538854912
961101024021942272
894258667691921408
1080943021896667143
1036640944559407104
932343335892783104
1072245336561860608
980460037960339458
3228352221
1064259475857653760
1005453782401126406
3781703020
859906041521336320
4822610325
759962155647107072
719020604452663296
889291290541793280
891179596837736448
995490413145411589
988408051643363329
986052181135675393
739497369000153088
975086317875933184
1924514052
779303126885163009
953286338123583488
925678689915953152
721092286046728193
907930638568783877
907059929789452288
771298477108256769
885986402084810752
726812132843638786
804930614558425088
938173624007217153
831898532474978306
1332756979
