1074032831372951552
1260486963364274177
1272625768984719360
1272291015211266048
1271910992033779713
1244053407813558272
1171537249672060934
1120861295178391553
953286338123583488
1201181605559177222
1174891935133130752
1063459205829537792
787132111228731392
1268683921706885120
1268563547958718465
1237756314597670912
1268151135451451393
1219509369877995520
1260335990440370183
1268029630495240193
1216191506542923778
1126463217323192321
770097670908248066
1182100374045388801
980634037604835329
1265851705553543170
955975961023074304
1184507442379612160
1166522784606015488
1244966630259601408
1117970611173773312
1213189265267363840
828352383193341952
888046701906407424
1245296524302712833
758699838309621760
1251359357331214341
721389277574230018
1259733463063605250
1215387548400398336
1251565576633356290
1259302938650042370
1085883505404461056
744390270079406082
1103482085455609856
1145215971096965120
1206003948726956032
1256250946209767425
1124012165801893888
830783193410314245
1168043603538714624
1046507240881115139
794343711966711808
1134668303170002951
1255342695473729538
1133144717951209472
955298621775384577
919885685720604672
1198041633666801664
1063055464127180802
989388868121178119
1455147372
1253507169850359810
1229247925114605569
1253560119805259777
1124402903656140803
1071042533772414986
1182414348171579392
1200836034365448193
1252349748964667392
1090795539971620865
1219748699145936896
2698636460
1251357236384890886
1129806371636035584
1210961131021291520
2223841498
1250676520672202752
1250211939386605568
970749209971511297
1019731586839957504
1078826923978047488
3359172484
896706889
925678689915953152
772093740605403137
724571995
1024803059426385920
1218960369936490499
1242484381609938944
1240943189659435008
4925440893
1240337621315981313
1231770121905025027
1235329112799145985
2532437803
1234843792123088896
1234268415524769794
1234412180067491841
2671748710
4594366695
1207107224860069888
1660695121
704079909136822272
4865677275
807798109
116866389
1143653885434834945
3903961167
1003431502305165323
1225448709967753216
1225649504981942272
1178280725587660807
1020453578295693315
1224169903009271808
915674183492947969
1223753878149222402
1067239020806238208
1222553596383965189
18500852
1220913573444116480
1221183734612996097
984125582102458375
1157002258816610304
960014946233929728
1027597949705101319
1016368950635040773
1176693420863184896
1158865697390379008
2772139257
1056485017617133569
1216195048376872961
1215286321209597953
918201369236049921
1103379908590489601
1142788572770181121
1209994507145617408
931563106542739457
973217739790790656
1213612822426337280
1213130316677668864
1113964792899952641
1168574337252823043
1087805029023694851
1172981334115061760
1195919420801114114
746533819608629249
1200206253332586496
3577671436
1147506639366426624
4700433616
1204560394964086784
1167758828043194369
1045418266221531136
801270979867672576
803246765067603968
4821312099
40573298
3331847205
746145570205622272
1185943449515769858
600538326
942571670035890176
1200136819024764928
2210554663
1045506781550702592
1175811351127703554
1197520308430868481
838477828551225346
1325992626
1170766048720805889
1091678023198359558
850089475128438784
3319913573
1194750664141873152
1191772869149253637
1125830721652908033
981581045987340288
708500054626144261
1187215259544760320
1040057654721347585
1022997413211058176
941068363274620929
1112838062286008323
960866679940108288
971458960522973185
806283208434348032
1184124978909925377
1109975308835450881
917594189789126656
868570938006278144
1014625114296651776
1122113742072963074
1179921012521160704
1012520819132715013
1177757277014695946
708069995541090304
734196624382119936
429542889
360597059
1107450330051153920
1086289682013528066
3241938125
909054523074805765
782725922776576000
622303756
1375604510
736997503128735744
708671230
1053854383627218944
817858743731949569
1618731259
2252308742
1696991059
1166528925624877058
999788869930422272
776557882670194688
4749401422
871535546044223488
888234707611246594
4858577717
1134561106821885952
2871522196
2897344143
1161250956417404928
1100479333452447745
930852158941122560
1101601903421636608
4866981885
852181516302123009
830997849672409088
70876713
1116771559060967424
879904182043635713
1120746406262845447
1142173942188335105
1126929840484048897
979420554963902470
981672344488996865
1070817568187957250
929905225795821568
3395079915
129977270
1085444876316098560
1081417978653143041
795445928928968704
1084474564434952199
1100521470458060800
1146910194267492353
744536809380646912
741827734222065665
1149764088186249216
1081735022397321216
1001305560040529920
1023055836900454401
1148188634593583104
975086317875933184
903667409407672320
1072153061370540038
1087472064276107264
3272071191
1141487047611469824
1025062407947931648
826476627177664513
2725911954
1141490221147709440
1103465899024150531
1034400204290711552
1139143121630060545
932566772972249088
950906306365394944
1138987027695845376
893860629471277064
841832679146438656
1002631490637828107
4906692118
2252801131
475474811
305175287
922629677042360320
1005876094225059840
1123797798862958593
1003823067137740810
1068838608763785216
1085733866323828736
325772586
1000502149665652737
846981000571867136
764870108250529792
762462473538580480
725349306715267072
1054524738406703105
1130969527565660167
2921763207
925881479888031745
968669875186163712
1116422594075463681
815468915853848576
2909496593
1062855305523093504
926627503267090432
1012100065538854912
1113007491204440064
924305233
790407601926340608
1001854524951351297
966059938513637377
3125345297
1624278162
982467946290262017
747528538631344128
1000087281699643395
918435350560804864
