1118312267014180865
1254986919848685569
1218960369936490499
1184307942927020033
1210279456612503559
1250244128337772544
1251397387047907330
974704447
1121236062188253185
1210961131021291520
3664180037
1245340180518703104
1250935556344864771
1250978676520386560
1216424117546749958
1189619496325177349
1158367899108683776
1248712537375412224
1194471439409328129
1020297047285665793
1217774817459478528
1231045887641735168
1248257375661940741
767144315684610048
1246945859029422082
1243434016889503745
735216434
71376951
889301868136062976
1147274944767758336
818894504887459841
1245885873008316417
1245514713754189838
825486773186859008
1239365285603352578
1149730935396610048
914551937554579457
1220913573444116480
1242986306453606400
1161663795401560064
1243553633108725765
2905847603
1126692842485633024
1099432981645717510
1228419607003877388
905437392328425473
543772024
1242126461370327041
704043578377560064
948756879550943232
721092286046728193
1477964251
1199644967502798848
1240381749575680003
981177587924905984
1231423240117084160
1239980612909441034
1539785179
1158485084602871809
1037136312321679360
1678835706
71390736
1164388674307538944
746145570205622272
1237120527749255170
1204217705835958278
1236654261318098945
1185757933092724736
2907832318
1235662805778534402
1072967233
1145795003203145730
4127828129
1187938834769727488
201951462
1234548791795122176
1234268415524769794
1166026678755373056
1181951054331678721
1227732502078525444
1226037534809042944
1167429816884350976
1232700986185207814
1219806993558446082
1232459947126001665
908102324593283073
1232328768120934400
1190377435180732416
1231213334814502918
4852501161
1230653733794652161
355165647
1228866972370243585
1229889681338306561
1229741560251678720
1033884295688081408
71339878
1192568799872135168
1164145597
1228701329369030657
1228886010295091200
1228827909453905921
1228797133735780353
1085772340452122624
1049064909147963392
1162724097115271169
1224304005490388993
1228192652878729218
1227238858548334592
1219832351066378241
1226698679366639618
1219004295338766338
1119848797310476288
1226611384139616257
911629165555744770
1195365020290494464
1198263173016694787
782725922776576000
1215045085504724992
1223778091736227840
1223753878149222402
1223211430909968385
719020604452663296
1222978930417770497
968753060
1219478193423429632
758887594268602369
898584828437770240
1067596626762571777
1220017613239091204
1221280734784237568
1215410859050196994
1220911480977096704
959452321095802880
807545702
4616934983
1167997516807323648
848639795790311424
777016530957701121
1219748699145936896
1219812519180718081
863214864621350917
824799422160723970
774679184
1219330021946470400
540390013
947084691475238913
4568088561
1167386226506309633
1068483194633240577
894252786845712386
1216908345577222144
1045506781550702592
1216195048376872961
1212137744362696705
779812427403755520
1105244992019271681
1215283874223312897
1213231214468796416
1154032055350464514
1214602109733232641
1213922944063176704
1214140622208036865
1067905030978760704
1213254370235564032
3412438107
1213198573996670976
1042122290803236864
1212832103341027328
1211997888391208960
1205044643420889091
3379381221
1195919420801114114
1183911942391586817
1211040459734171649
1208589911638585344
1210762853071777793
1183020997080944642
708500054626144261
856275436132761600
1205865675954229248
1204154093729652736
1006686343681003520
1198762604421877762
751901235591208960
1702700618
1052705511274110981
1199000972019806208
1201704250889383938
4899294339
980999314943209472
1204423397008117760
1123615247976357889
1123851459597090817
1142543611617316870
787994091917377536
1204560394964086784
1033892691896135680
1175192592411242496
1204404370311434242
1134881487726272513
1171158020052725760
1203875143463981056
1187218794340589568
1115808808683675649
1203046058089205760
1154189811621748737
1171583543752966144
1040275485480181761
1199366802045841409
1172677653901578240
1200136819024764928
1177247024279949313
1194214533734252544
1187393623308099584
1198026620667408385
3438713309
1197833559073050625
1197363949425111041
1197298614516752384
1138863735651667969
1196880403476426762
1196809695698309120
1180634685124296704
1170868718953553921
953976975340818435
1196000598212194304
1195871388780957696
3294288537
994058488681848834
1171561174812504065
1142965913144188928
1193721948204916736
1183184954836049920
2826697590
1194077571182473216
988598590670032896
1081735022397321216
1193319979954950149
1193192576515543040
1144952064033873920
1000483677581774849
1192128316481974272
1192422467022807042
1117970611173773312
915976015175933953
4284897736
774318139249139712
1191489484254273537
1189150130127167489
741083427915599872
1157476647173537792
776531959602446336
1144006515923324935
1188647112080269312
1189718315389857793
4813966702
1076801621122781184
1188473906514055176
744301955544125440
1179197090871889921
1057082396997283840
1067185577999691777
3066580703
1150995623866490880
3410856275
1187474497948938243
1187471425684115456
329309497
1187316226147733506
1186857395697442816
1143167371231793154
1186523811497295872
1185679570760060929
996930248947240961
1180905898774061056
1174101011478253568
917557728243003392
1184180662615584769
1181220839041073152
1182081049540608000
1150449299785953282
1180983843513389058
1149380151010050050
1175080251787010054
1175128403516776448
1056266052286509057
3178199296
1026595010857369601
1157685781772808192
1177709511265656832
1053037692655677440
1177757277014695946
1177244039491543040
1177341446057340929
1175520061521612804
1158748331868401664
555440889
794622778397884417
1176288186080870401
411022838
889990768080941056
1174155553284730880
727329391877959680
1173970698638741504
320311042
1131390716813467649
1174819889619619840
1133144717951209472
917594189789126656
808322108052951040
1067034276233994241
3448498877
1001854524951351297
876522998089617409
1169449486621585410
1172237351294296064
1171451376955580418
848781499382018048
1170867884328914944
1170766048720805889
1027736620362031105
1158090186724728832
1148385860099936256
1169386595235041280
1169048331995234305
359510574
123402487
1121044230221238279
1157002258816610304
1096503764104761344
4355253863
399134365
955281813441843200
1123388169381122049
966059938513637377
1166144863018074112
1162889310884044801
1163219876229591046
1165815985351385088
336888695
1144032681950351361
1165574897453678593
1165075836493619200
1165040542629158917
953632970883166209
1164326877282164736
1164365341792882688
1066323011576434688
1157740941429616640
1375604510
1064227671243218945
1155524972003188736
1162803885615960064
1163449796402827265
1120311452240437250
1162390589062680576
1161714138063757315
1161708646084042757
918370235241107461
963107102838394881
891179596837736448
1158817159507775491
1152052828518699009
1160707545033510912
952982737908101120
1109103248848416768
1100479333452447745
1039487064721575936
1158865697390379008
1158039710851391488
1136800320321970176
1159472097128828928
1154353269084434432
964632184043835392
1088039293543690240
1467086089
922635281303527424
1130959690798698497
766403706665496580
1158693547400466432
3001245135
1027249255667384322
1151688700620890114
990008320202330112
1154158627286073346
1085732703490768896
1141436311636762624
737189195622547456
1072627164774846465
1147972899309019137
1156770067243261952
761367413967446016
1142173942188335105
1088867932371857410
745417774323884032
1699950121
1085444876316098560
1063862473047121921
1143659295579529216
1148227521701404672
332252863
892370529130356736
1156604254909542400
1154493297425080325
1148275428353855488
979420554963902470
1156380145218924545
1155654565687111680
700488925996044288
1054745097374498818
938525591623610368
1116771559060967424
1151630194626760707
1010958844904853504
3862247572
1010354795662725120
1039248038252998656
1149262176210817024
1147506639366426624
736959494945689600
1147247416564994049
1068956609831948288
734143675400368129
1011738614072528896
1125759702581825537
1066510058702471169
1142967209192505351
2466390535
3834534587
1539642542
40326588
791765271623110656
3092496825
802923856277151744
4847918229
1025062407947931648
1144249598313213953
1093201782736670731
798697029237112834
701752266
766249087289192448
4034861980
1135728896635265030
1131698916926349313
752640351463149569
809934140334280704
1135661655378079745
790658163137613824
1135058029064478720
1134778985764794370
3395079915
1064655615807639552
1061386459519877122
993179770941829123
922629677042360320
332679388
38559575
875866438074028032
1075605993076215808
1123822629381705733
1124012165801893888
1030523683847266304
793253893782310912
1111996465285685249
980998674561032192
813817468519088128
1107683858458251264
1097295009655721984
3669056476
1106594916023652354
698232561110294528
3099615579
965952862978236416
973342375761326085
752690175059169280
1123797798862958593
116434023
782778858697289728
1123000343816806403
1120764188694130688
1122726339038056448
1064695429210796032
716354557006229506
1121129468351873024
741056228911108096
1118946764063682566
1121056251352440833
1058051667172696064
996507401460346881
1119793865647697920
1115414648214437889
68845734
448885629
1117959235059494913
1065551333363777536
89022857
736731223704408064
1115929533532856322
777943436670472192
969352008883998720
1117971474172776448
1117965962148503552
1117946564612427777
2931043311
1117605923663560708
1115390426524061696
1050058468810469376
1116422594075463681
1006341251388583950
918196379213881346
3125822987
881938495362695169
1115446486400229376
1113951056680169473
1115283863503278084
1115106883294171138
1257667033
1114957666605051904
2780629871
1114717010171187200
1080262578079756289
1113605709457960960
1092597595015393280
3403015793
1113911969180942336
1112780889451347973
1081783177478373377
891074987481845760
1112568444803866625
1113253405672247296
778665219610542080
883883776157396993
1094374948913713152
1084689016119795714
1058019499029467137
1111775624828518401
4226858632
1112440123642269696
1110997477774245888
1062531166157398017
1111809834217861120
1111649270577463297
1110335969146925058
1103493354929688576
1095778178881241089
386690518
735277405309374464
708671230
1108407211749974016
1108503365024206848
1105696910252392448
1106936026742882305
1103483148233527297
1108864131464085510
1109623926706057217
1108102559686905856
815468915853848576
3043408271
2979089523
1183413126
1107849527980183553
1103482085455609856
1107365747087626241
3164495573
1106883550106783744
1104355720315715585
3820557148
981672344488996865
929741570928193537
1104545750485209088
1083189095692668928
1105212736349396992
4408398015
1089493656
1105500373962362880
1105571255569313793
600538326
1105244032538681346
980634037604835329
1046901019920273408
1067777807886049280
1084488996837826562
1103754463972638720
1102247059892158465
1104039437309231104
1103477390712492033
941068363274620929
1052709092622573573
4143316881
1092520689201020929
876641466
1102614394431774725
1102026575065812994
1054073713048596486
764870108250529792
1101718001529823232
1101672813197447175
1101626670530859008
1047701656304062469
3397384642
1100521470458060800
903756177217118208
1100549000829304834
3297089007
758699838309621760
4229255871
1945538382
4247032289
855586592190320644
1098187345336197121
902934528087511040
809893777594875904
349926973
1025526189262360576
1026134244261851137
1090779299660087298
3795069496
1052318573903978497
828839053554483200
737076912112160768
3054143037
1094606384237297664
1094650918316986368
712385227541315588
1219695186
3331847205
1085383254021160960
1023373294186242048
1092522506064482304
936733917230567424
930852158941122560
1055215820790472705
1091038023633063936
1091298846418845696
1090962273722609664
1090918439823331328
883856792605863938
710172142592196610
1090415113386057728
223431561
915760376
1045418266221531136
1083217751441895424
1075602010626551818
971503375295635458
3000641686
1087893683129720832
1088617762828767232
1088443772206084096
1066335471737991168
4289875529
1087217396824358913
1087129952594604032
730940995127250944
989985334246215680
1083765887860125698
1086789395200512001
1017899863038746631
3961525817
339401183
969030041697964032
1084198137173102592
1086064830409334784
1086070702585925632
928281182797787136
1085733866323828736
343439213
986430560280236032
3096681148
1078436827172925440
596072352
1077013853798567936
1084242026353299457
1084571810094637058
790995884133711872
2563951034
707914845354594304
1057833416056627201
174127683
1072260306636861442
1082329761853128704
3777381875
1081760908303613952
1067431517280849921
1079871321876639745
1069701441084895233
240881497
1078631383566901248
1076313875237220352
760628608633298945
1078034867487756291
2483087364
923297881548877825
1077173831956074496
1073062424591384577
2951745153
891407448619323394
825709910885277697
855334430767841281
1074489360375054336
1073372190307958784
1073054817101189120
955298621775384577
1068838608763785216
743633934433550336
1073403246562209793
1073374027576676352
937872079629836288
1072291467027251200
752665200080392192
799632438372790272
1072245336561860608
1067556506567155712
1071191568453955584
4870641658
554752082
1027882432886972416
1070312792400506880
1069014755715747840
1081430220
564762342
1069765215821160455
1069756318246977537
1067151101235990529
1069369955219636224
1037888376832188416
1069008248920072192
932566772972249088
886739741856739329
710244204870569984
732759403317841920
1036823340453953537
1057767593552023552
1060989273703436289
402622041
932272321712345088
488983375
1052338687948787713
1064293008294715393
3331828805
1064254249058603008
2271706543
871535546044223488
1063320256662433793
893436106401828865
4855980183
892470267183812608
948848688
1059864628874883072
794686074
1046930764816900098
1001957880629809152
941434776136900610
230293384
1052246570358398976
356448452
779759559439183873
1030409518633680896
2232173768
140519633
254097368
1058846835605938176
1058010539744550920
1021606180504911872
2992601410
868968959915290625
831486158991421440
1049431598247108613
1053854383627218944
1054151171512942592
1052679333565743105
1035391475230679041
1696991059
1023055836900454401
1051542835516907521
1032370097665523712
919240158
1036110185520132096
1051685606567350272
963516451062779904
2220024877
1013924730598903808
1050760568964083713
4906692118
1050570168974368768
4028774194
966350118822785026
1049335075282857990
155679072
1049693542061355008
1022643274773946368
1005876094225059840
757242709253955584
286429960
999830822713741313
1046529259722997760
1022878699895570432
896876681209802752
3670236563
1046760169324072961
1044755374446989312
1045838716516872192
1045475626436759553
1006540161432334336
1038992935063379968
778779428415504384
1029793820433625088
900491373538889729
59064065
1044206491534864384
765660409097584646
987401940035362816
165461066
780943567766380544
1042902394567192576
735318206278144000
826225982688395264
957072809762742272
4080057322
317371434
477505772
583229288
1031740593205137408
1040824849579614208
1037323267504320513
872937252019687425
1037880613565603840
1246243129
2730750214
1037197657180135424
779007885112213504
790327941402128384
1036723115680772097
1036090787279323136
847937802004246529
718094393949995008
1013562366028668928
1028388258831585282
1026222043723902984
1034232004022345728
1012758799403438080
1014507969269174273
955857913955962882
1032673520252268544
732890003756490752
771860619293253632
2176252885
1031912851043168257
1029713374974812160
1017417535132557312
900624869037150209
315213022
1031181953062633473
168382980
1005810360442552322
2997383555
2871522196
58305971
3140873446
1869045673
772497880531800064
704275254
1537628430
3332028149
578034467
781652180549902336
257934688
832385222373232641
928631249807212544
910568066978865157
1004910678958837761
3372827481
709126435806564353
272909231
1215183306
336594573
764183330543861760
906986914150076418
1012481278694907905
236482697
1029902023431544832
1030416488472166400
1030177137561624576
1030081292807929858
909820691494645761
889153470498058242
951843907079467008
1029207424924835840
1029188891352489985
993291819558621185
796126746814926848
962449687910502400
1028301938088206336
1028046236165779456
898005171808206848
460639914
1027272676052754433
1026704122475634688
2686308350
4027573101
1026057702647193600
1024843434954317825
992145041387872256
1024725412537090048
976996346505854977
1024426322125307904
1022617884076466176
1022885790492372993
1021813151803887616
2279059176
956699111255887872
907408981802541056
1022095516405047297
1019459648414502913
899456167386152961
61941301
1020453578295693315
318194596
734052976730484738
252515907
721889745215832065
1020109599112908800
1019035644960665600
823885771107139584
756302316429570049
1018987003579392000
980537412484042752
705928238
1017176037845884928
837752918308683776
4140176993
200715506
992359748942073863
1012100065538854912
4098909021
1007729974286143494
1016745782534377472
1016775551728734209
2932322151
989209232913391616
925678689915953152
959048757798203393
3438425722
705790024600723456
1004872442186293249
709923841
1015235629368692737
331252069
1014986517478105088
1014552232266739712
2205853713
3296854998
266639499
3358648270
877283688895197186
991487292232658944
2772139257
972206038832250881
877924501283119104
845863630562361344
948672266904244225
1305340112
1012046739312906240
795791880017608704
2713335840
1621923211
1011766762914877441
878041517088223232
334341682
1010646782353788935
797200444892282880
989539252164812805
953316155669741569
929875130888704000
754902258148573184
863528998772645889
3846563122
921990142306476032
1573673311
1002769446350606337
906195444224622595
1008735333154992128
1008465559271493632
738026539728666624
2482982852
1157456928
596007163
958155176359194624
1008863895468077056
67699833
1008852977124368384
990327921322659840
2990200629
714613748888166400
992543720825348097
1008335444210323456
903667409407672320
1002904075380428800
481613413
318561251
2771463244
1007966774351065088
592848513
1001908237057261568
3015341403
1007360474286034944
349854919
2824112668
228269545
715292196287721472
884604760401354752
1641516319
1722328134
887058115929178112
973616877569265665
2225758974
741459744741789696
1000454029586165760
986283434120286208
1924514052
832032010738753536
950719479687864320
978436482850574336
2508934413
1005453782401126406
817858743731949569
834200664263753728
821452098487390208
2176564207
1003823067137740810
2921763207
3807588375
748331948720930817
2169343153
3756652283
967524379075727362
857748157198983168
983433111315865601
736337006817599490
3411021999
989870154984062981
2950566237
907968295772585985
2210554663
3882876142
1510922419
818298314529665024
965693073039740928
1001629210107088897
749787258878849025
727189264451162112
740596827339247616
412536618
1000536017001205761
791668340444004352
1573555824
771178896804892673
3421185748
834043927317639168
759260790083944448
865399184777633792
989607055131594752
807955762848944129
811673614600798208
725057885370195968
812146610138386433
888045381233278977
954472321498181633
360281934
986694795258220544
2270328115
888372365754806273
4127787623
788851687410761728
879207343090802688
922788706666405893
314671323
864294067294941184
996974536523505664
991766937217785860
968669875186163712
753730890996518912
782792234945110016
841832679146438656
2491967726
730427603392278529
445067792
992140843145363459
747208305811001344
744536809380646912
823226482822627329
4882519161
2211651642
907059929789452288
1932338682
942181676792406019
761588969821892608
885350804
759962155647107072
119177171
2911894233
951567217359015937
758063103225495553
3496266383
3081971703
859425314396622848
766057705392005126
985983743025401857
2779336503
918001740196261888
465632422
773234771518423042
917868679307710465
989264254166593537
742547824244588544
1226448330
173609310
824916571705446400
2871519335
890407189181059072
808498879545098240
892410690920755200
450388807
958012267441872896
704079909136822272
986052181135675393
376530085
841951486636621824
765693241496838144
809590037092462593
792019400320753665
856214472406511617
969546485271613445
950609395733467136
950906306365394944
774240652813070336
2293108508
2925088175
879904182043635713
975086317875933184
983474975922360320
938173624007217153
980460037960339458
3125345297
1332756979
865080838748332033
2480861018
846981000571867136
936251825652666370
978410269998223361
1892083944
890998808217341952
917949291490086912
976691142912872449
408618939
973323601289121792
767415036994326528
461940166
1387690028
882404573566160900
4101037215
908474903350923265
4471685775
925376426282573824
567660198
2322526243
2279374428
3915125902
2670352880
3319164947
3393377381
759248454732374021
757959631264223232
772972740420702209
935334567745073152
2883862495
3427146166
871123615256915968
938896567469211648
935304997088251904
754534702418198528
731311835656421376
732964647368818688
742139241942163456
753609149594894336
126476660
632542632
2334703162
2864626156
2758924739
2539999211
942931880097320960
929164026046754816
3302342061
289404909
932057378505228288
821573733143969792
859218767867506688
898663393388900353
846116484187328513
170900728
909054523074805765
872617542174617600
373390304
359546291
3427295374
748994678587068416
3905554697
953286338123583488
2848598104
936618659270856704
811735845887758340
771298477108256769
340062512
2747904059
3339413597
955977280144199680
899309099468431360
710491454402109440
937121318411079680
760617375553228800
705458058449784832
4820064965
835241370713526273
800857038456782849
842391852644999168
883857162409308161
778401969564246016
1569173316
931308104381337601
804930614558425088
3731999601
3566132487
885986402084810752
932375915211960321
2418974603
4098106205
2965539970
850936459557261312
3434274453
712783135574999040
773706171064737794
726812132843638786
580264562
859906041521336320
736997503128735744
4675650836
820541178
792850534021693440
897199609474420736
2868026092
809559141626900480
711905644362776577
3131496262
1523362964
4785128974
3781703020
779303126885163009
914970499045892096
362784854
4488545362
3241938125
717090114300690433
146930804
1329825194
857679915000451073
