1209136191808950273
1206702256185319424
1101228564966490113
863737960012931073
1191749478086258688
1244672770824437761
1190461489930539008
1265851705553543170
1170337326268080128
1267931467918856193
801100887846514688
536727036
1233548658496462851
1267182873091727363
1266925569318535169
868896123175534595
1175175076456669184
925678689915953152
1103482085455609856
715292196287721472
1133594755101790208
1892083944
721092286046728193
739649980475035648
830783193410314245
1034607750213521410
1253715528922914816
1187859330793693184
1156950899018936320
1022885790492372993
902934528087511040
1218728409519529984
1182394897027997701
3411021999
909054523074805765
1260347171959963649
1168574337252823043
1259733463063605250
1231423240117084160
1258600549575995393
834908276538150914
1251311667125858305
1107248245867233280
116486046
881330959945261057
1142173942188335105
1080182346228355073
1255342695473729538
1022997413211058176
967600250448941056
1256723120116858881
1256440299934679040
1229196233325137925
1140324356154961921
1045438508893184000
1153452464621989888
3504016456
1253104992023650304
1040275485480181761
1011451879933534213
3915125902
1210279456612503559
1172981334115061760
1023055836900454401
1157506206702944257
782725922776576000
1231384195437604865
1246284903815229442
1045506781550702592
363901408
1545509534
1242848206259728386
1210948932898934785
1243724428996943873
1120479455229689856
1243284945205895170
1237120527749255170
1242633597313527809
922788706666405893
1037888376832188416
1036640944559407104
1241776860570189824
1093303687525646336
1241495388789575681
1234528210852904960
1196785904368717825
741827734222065665
1006021459142152192
1234466386346377219
1151503251986161666
839581591848513543
3075172995
196364291
758063103225495553
1010958844904853504
1235262329635442689
1234268415524769794
1229169764112752640
2999113133
1232505431802642432
1228167103837954055
1204217705835958278
866421027194232834
1151519213074419712
1146910194267492353
909512653298700289
879904182043635713
1187576792191770624
951190954018566144
980634037604835329
1181951054331678721
1232410737194209285
1232409181996666891
1167386226506309633
1232017282433503232
1170439335008714759
1230653733794652161
1228508109313859584
1766599856
1219437914616213506
2316295711
1228107368183058433
1067946726496116741
754534702418198528
1189530186649354240
1117423151296720896
1134622250039205889
1097424845007192064
1198782893348343810
1629289147
1158834414836752384
1228169868869943296
937872079629836288
1063949644655411205
1166360440470953984
820541178
1221823126083964929
2725806509
950906306365394944
903667409407672320
1032006900362166272
1225966138124836865
1225649504981942272
1203094180794392581
802693161978105856
979329252
1044340437128040448
1222870006024884230
1019423594676355072
986791624310222850
704746398974132224
1009076808283840514
1091032317961912320
905230353266302979
4875061390
1099433707990118401
892788210333609984
1179447932698927104
1202650510181982215
1120829247566884865
800518192070176768
369734722
773737726311030784
1064605926991282176
213087498
4889898509
813186907576352769
255210985
1046594037594157056
950704132888940544
1166415944354336770
1010704542206513153
561529792
42061795
2322789872
929892394136489985
954868595640688640
4790134341
1166522784606015488
1222660649504985088
1121044230221238279
1216191506542923778
969039539204485121
1222253000447746049
1358253643
1111781792900698114
1221914180854394880
630103307
1099677996502392834
1220913573444116480
118230391
931936526061199360
1066420453512761344
978088590361194496
954852132947185664
951567217359015937
1101311064128536576
1117970611173773312
1217864127420555276
1219088611330744320
1211841617264398336
1049778660499226625
1010021107456282625
1080170664089276416
821187749130698752
884604760401354752
1125830721652908033
1214996318835421185
1041132300916977668
757959631264223232
1130651672999546880
1158761562821337089
2466390535
840938000360067074
1155524972003188736
1213603492096438272
1215317102485278721
813197761839562752
764870108250529792
716418772073058304
1184273441001746434
1124012165801893888
1213130316677668864
794686074
1204920632087056389
707916499651055616
1023105110468120576
1102738526389628929
824799422160723970
1101865640510529536
1211040459734171649
989259977884921858
1152224741681487872
1116771559060967424
1200836034365448193
761946153789321216
960353300238479360
1175055893748224002
1167214875912937474
1111060823420604418
969302356780371969
830087292811358208
1101635314735562754
821547028744380416
1092157051457949696
78711651
1177009006138855430
1195797734097379328
1160317326669111296
1104906850728898561
1130989041669816323
840650199886368771
977706292117737472
272749198
923158428008230913
199475380
1041460664076779520
1146508931105263616
1049375803316822016
1089725976404262912
813841813266169856
1012079870283862016
251631532
1172538277351571456
1181359438193709056
1032973298597064704
1189877157343969280
2981927782
986451383388917761
1176605078641418242
1194790991317913600
843281918011629570
1142174479843569664
814107614703419392
957014176538513410
794582358070558724
4655146889
1170702351373656070
750855277742813185
1119438614885208066
1190805726719070210
1089315344550903808
1127252331920285696
1072975634924797952
2534316017
1201878073467162632
1195010375760134144
1029039299663151106
3941019437
767907420060475392
744611008421953537
858318328976244736
291122048
966071932545355777
2792390539
1112495281684299778
3390389397
2584310033
1106010870809878534
1088498884467482625
721663496136560641
2685912931
819259111678365698
867134542221635584
3312517127
933811233958002689
1109448938778775552
1094817370428895232
716665796651573249
1031180909679194112
378313452
1038126104987484160
829122428571901952
1032400140198395905
883090127433740288
984987919617314816
185670132
1172984624643006465
1070746643161587713
2482583552
1073707513684602880
30875682
1074692036392075264
1205971507983396865
1072579846071599105
1316877474
1016819069348130816
1186857395697442816
1127255436346961921
3379628578
1149168746680016896
770605766063583233
919709698554847233
1085570992569831425
846451758847156224
1053969680686301184
974763061738459136
1080995989069185024
1146510211542388738
2863939414
1080632734773587969
1175041985847148544
934127341332320256
1056565419123924992
1103431312902373376
1056680073506512896
1082732107020099587
709748944721584128
846730921499865088
944194616861085697
908788584785829889
1093620725167112199
957795458885316612
987423428910166016
1198427124358627328
1081735022397321216
1203875143463981056
1204918011074887680
1199000972019806208
1113964792899952641
744390270079406082
1204721968810987520
989607055131594752
906986914150076418
1195606090928533511
1199461807846494209
1050545194930720771
1067905030978760704
1004910678958837761
758887594268602369
752640351463149569
1126463217323192321
2979089523
1075038009500819457
1198112678281121793
846981000571867136
497114969
1048409845924290560
3319164947
986052181135675393
1094763652689940480
1195871388780957696
965693073039740928
1178280725587660807
1192128316481974272
767415036994326528
841832679146438656
1163249584119959552
981672344488996865
4906692118
1148227521701404672
1186523811497295872
1142957193748275201
1181701174631813120
959452321095802880
1002631490637828107
1133140790610399232
1054524738406703105
1027703962978402305
1047701656304062469
1010354795662725120
727329391877959680
1084474564434952199
1118659747224412161
1175128403516776448
883857162409308161
1053854383627218944
1169329375499735041
1021230352290013184
918691578440323074
1052679333565743105
1134301344532238336
767144315684610048
1022878699895570432
3834534587
1116422594075463681
4496022075
1074631629245689856
1162889310884044801
1052709092622573573
950536995478147073
1141468348875776001
1123797798862958593
3302342061
1067431517280849921
1102026575065812994
1126692842485633024
936728869746413568
