1253162683593109504
999830822713741313
1218960369936490499
1250052620900843522
1133010348607463425
1224087857591201797
245343339
1200836034365448193
1222978930417770497
1011451879933534213
1144249598313213953
1188894672443379712
1251357236384890886
1696991059
1210961131021291520
1250211939386605568
911629165555744770
928574734366896128
1170868718953553921
1199063319438675976
1048545654
1151248632970207238
871922815745892353
4700433616
1249752014445314050
1189687688020078592
3054762784
2669998041
1248818997652606976
1114304737841745921
1240126737046032394
1000454029586165760
1115810247896182784
1130651672999546880
1246245202848874498
1157507411030269952
1247435261673439232
981679750057021440
820541178
1188076697595326467
1184307942927020033
1197521887045324802
1213130316677668864
3439258107
1109587760430702592
1227238858548334592
1126463217323192321
1201181605559177222
1127584253544423424
1240337621315981313
1138987027695845376
1220913573444116480
1103465899024150531
1159619930343559169
1220141599956590597
1242484381609938944
928328059291340803
751901235591208960
1229247925114605569
1024803059426385920
1157456928
975410983094095873
1134622250039205889
1137130145578475528
205393690
770793407807627264
2274132460
1219748699145936896
1219330021946470400
1103482085455609856
1013144262412730373
1121057805132271617
1172981334115061760
1183665714013585408
4038707182
1168574337252823043
356448452
2262071496
888234707611246594
1204560394964086784
1178090711306166272
4826061645
1207232512751214592
1185393574889828357
1168881671082586114
840724045347864577
1153121617968607232
25904124
2405820551
914243281659351040
1679415326
798221398372208640
1625897582
3131634407
1200897419510239238
3040283312
1135058029064478720
1177757277014695946
1058019499029467137
1205264583931420673
1204154093729652736
746145570205622272
1175175076456669184
1138994394613374976
1149921216830083072
3054143037
1203046058089205760
1129806371636035584
1197298614516752384
1178280725587660807
1158849346089209856
1200399602001809409
1200136819024764928
1175811351127703554
1199644967502798848
922629677042360320
1143500233273434112
1077013853798567936
1196785904368717825
746508410498187265
216147053
779831837829005312
1050105483988754433
1193634811761627136
1194750664141873152
1156531874648530944
1125550798761492481
1191772869149253637
1192128316481974272
1100521470458060800
745474170062929920
1169449486621585410
917594189789126656
903667409407672320
1120746406262845447
885180365786292224
4870641658
3031697962
4152990179
1133140790610399232
1137881410327535622
2772139257
1188559901716561920
1016743609071276032
882404573566160900
1054524738406703105
1002781605017112576
794686074
1072970833348440064
1069756318246977537
869375218682400772
1134561106821885952
4106394322
782967758149615616
1179758907750862849
1029042177538699264
1122113742072963074
129977270
1155610341939863552
3496266383
1017504326812618752
940416289
1022997413211058176
961062217230798849
960014946233929728
1086289682013528066
708500054626144261
1172723308468604928
1105212736349396992
422577331
1043250807678939136
1015978421514653696
778401969564246016
935304997088251904
940039564734767104
1170558009849892864
1013562366028668928
1165048275000537089
1169386595235041280
1170766048720805889
1153315978161414145
1167502982067474432
1138975887490240513
984125582102458375
1078034867487756291
1022878699895570432
2322789872
1166528925624877058
827044696778219520
2225758974
2871522196
1113660568454479875
1068961564630368257
2390376884
1034275523567013888
1085444876316098560
1010958844904853504
1161250956417404928
1021988196303949825
1101601903421636608
942571670035890176
1142173942188335105
4866981885
1129806871957790721
1039487064721575936
852181516302123009
1102699367977443328
839581591848513543
979420554963902470
3834534587
918201369236049921
1156269008234131458
909054523074805765
941068363274620929
1116771559060967424
950906306365394944
1154988949825359874
1047701656304062469
227678669
1146910194267492353
1699950121
1147506639366426624
1147015656363188224
741827734222065665
3395079915
953632970883166209
1030081292807929858
1150546509420736513
1149764088186249216
1053854383627218944
1147937989840035841
1081735022397321216
726447632
1141487047611469824
3127431214
1070817568187957250
1143503204627488768
981672344488996865
828710519464984576
888865370626555904
1023055836900454401
897608600381730816
1141490221147709440
610395409
3754202656
1025062407947931648
3137738088
1139143121630060545
975183029445582853
2921763207
1000502149665652737
850523837330595840
841832679146438656
1093201782736670731
1028388258831585282
883857162409308161
708671230
1044354426218131456
758337541120614400
1375604510
1123797798862958593
1084474564434952199
1132290652816007169
2868026092
1085733866323828736
989607055131594752
782725922776576000
968669875186163712
975086317875933184
925881479888031745
871535546044223488
3056348854
1036775449068744705
1063862473047121921
764870108250529792
959452321095802880
1083491545314197506
740596827339247616
1034400204290711552
932566772972249088
1116422594075463681
1117605923663560708
3366494979
1070059813126766593
3430574265
1113851156118343680
958012267441872896
762462473538580480
1090247466535014400
1012100065538854912
790407601926340608
1015975504145461250
926627503267090432
1068838608763785216
776223604103122944
1961240899
893860629471277064
1002631490637828107
725349306715267072
1001854524951351297
3125345297
1072267224893796352
305175287
2698636460
809233691377618945
1065251328895668224
2813530168
768491457955106816
975542686240428033
990990608859791361
446511187
2158883490
951078844726956032
942569414498582529
977900331051995136
977892638425796608
976929696398086145
950848515915309058
944359494309568512
2522283706
846088200489762816
198973121
972585489919246336
1312262923
3061852689
294315333
4559530936
948310006679724033
896706889
967109096079089664
2555721762
