1150603198585036802
1228464861711159302
1045438508893184000
1249752014445314050
705775099253755904
1231045887641735168
1245716678794764288
1238508529163657218
4785128974
340920763
3302342061
1172148817153667072
1191772869149253637
1250582570879930368
1124012165801893888
76765629
1231423240117084160
983168875142492161
994058488681848834
1894816412
1211076006250856448
1010958844904853504
1148754838517428224
1247435261673439232
3369202743
4906841896
802923856277151744
961375744885653505
1010021107456282625
1238068179403931649
1125830721652908033
4243337080
1212698920876294144
761158007145295872
1195474388214304768
1098385470369746944
2925088175
885424240798904320
710574394397970432
909275679795146752
918319528853073920
1204918011074887680
67699833
442366950
903409044454592512
754534702418198528
925123562251411456
737189195622547456
1140016537748811777
3379381221
497114969
1141468348875776001
1148275428353855488
401715232
980170670381453314
1206264828584693761
1233474497791086596
1142543611617316870
1085772340452122624
1025062407947931648
952982737908101120
1158761562821337089
828710519464984576
1168574337252823043
830997849672409088
877283688895197186
276301302
928328059291340803
757987723357683712
1234214488066445314
4852501161
1117970611173773312
241972029
1173448294913204225
1135058029064478720
4355253863
3232489348
960866679940108288
176500178
916433665189662721
1183933371237441536
40326588
1214694304247173121
824799422160723970
751579602573746176
1049064909147963392
774679184
1219088611330744320
1229741560251678720
981672344488996865
1120573513
3044573697
2938331301
1228543912756891648
1072260306636861442
710172142592196610
1142940599772942336
1107248245867233280
1621923211
754902258148573184
906195444224622595
1063949644655411205
3421185748
726812132843638786
4420171768
3403015793
1216191506542923778
1219748699145936896
846981000571867136
918201369236049921
1023055836900454401
764870108250529792
953976975340818435
830783193410314245
914938237600354305
757242709253955584
1047701656304062469
1103482085455609856
856275436132761600
1208577810652106756
1076892298582114304
1207709396157026306
1180399198925049856
1148047853945872385
3438713309
1702700618
1204423397008117760
908102324593283073
1203875143463981056
1203840219679797248
1175434327875837953
947084691475238913
1087839284512649217
758887594268602369
1181691040987783176
816441222785073152
937873706872909825
1078080012371349504
1087127408875048960
1067777807886049280
1204054509032542208
1121057805132271617
1203475380339953666
1098246812635447297
1013186592247353345
1175520061521612804
1159658990017662976
1037136312321679360
1199366802045841409
1083533414572195841
951190954018566144
1151503251986161666
1198427124358627328
1177247024279949313
1161472168506662913
735239565066244096
1199000972019806208
1081430220
1077013853798567936
1219695186
863528998772645889
1198026620667408385
1197833559073050625
1187474497948938243
734143675400368129
163571958
1189006991634632706
432171610
3395079915
887764165556924417
1093303687525646336
727189264451162112
1193192576515543040
1091801714250956802
1150449299785953282
1196000598212194304
1195871388780957696
1142965913144188928
1057082396997283840
754133252131127297
1194750664141873152
3164495573
1042196279374295041
1158404199367008256
1192128316481974272
1192422467022807042
876522998089617409
4284897736
1187892806125342720
1072627164774846465
1191474568118095875
1190738124281909250
1010017075673223168
1088039293543690240
1178451514492358657
1189657339693084674
1188647112080269312
792850534021693440
1187725914433576960
1111781792900698114
1189718315389857793
1189713574345793536
892410690920755200
2270328115
885180365786292224
859218767867506688
825709910885277697
1144006515923324935
742139241942163456
935334567745073152
1187316226147733506
1052709092622573573
1178090711306166272
1183808320072814594
1185679570760060929
1184165007392694272
1056266052286509057
1163978987993014277
1182081049540608000
1143167371231793154
1180905898774061056
2758924739
1134778985764794370
1175192592411242496
906111296369827859
1107450330051153920
359510574
3795069496
1175080251787010054
3319164947
336344062
1177424448183590912
1177760919016919040
1177383916904296448
1177244039491543040
1177341446057340929
1090107766411272193
243468688
1158748331868401664
794622778397884417
727329391877959680
1104134211995348994
1173970698638741504
1163202737582067712
1175148483663319040
919213357546266624
1175175076456669184
1174819889619619840
1090030114946060288
917594189789126656
1161481699760508932
1169386595235041280
1166843707804540929
1172237351294296064
1147506639366426624
1120374041515372548
1027597949705101319
1170558009849892864
1171175962962210819
1022643274773946368
1170766048720805889
4913381080
1158090186724728832
1169048331995234305
907408981802541056
3961525817
1168043603538714624
1167894476494426112
767144315684610048
1166144863018074112
1158449776368791552
336888695
884105531442548736
1126692842485633024
1102026575065812994
745417774323884032
1164388674307538944
1160707545033510912
1122699173466443776
1165040542629158917
1164878245759725568
1163219876229591046
1164326877282164736
1163449796402827265
4746352672
802674412646502400
778401969564246016
1257667033
820653051677708288
736959494945689600
3043728663
1154493941804351488
1022878699895570432
2979089523
1081735022397321216
1010354795662725120
744390270079406082
1081783177478373377
713407681
1050058468810469376
1158039710851391488
1061386459519877122
1130959690798698497
1109103248848416768
1116771559060967424
1023785336286183425
1152397249130971136
1156770067243261952
1141539322660872192
1087901558539464707
1154493297425080325
1156380145218924545
1021988196303949825
1155654565687111680
1133058531572277250
1088867932371857410
715292196287721472
1085444876316098560
1112736548657745921
1147528077037191168
286429960
1143659295579529216
1142958695468470273
1147972899309019137
1126476031815245824
741459744741789696
741827734222065665
1142967209192505351
1076313875237220352
1146910194267492353
1121819431699718151
3312770085
3326163887
1115808808683675649
1148227521701404672
1146462117589127168
317371434
1069368203208507392
1131390716813467649
1084072109834489856
1146543863743561735
1146134223004286976
1634148068
1130579200883273730
1143695478497955840
185745992
445067792
1144032681950351361
357679799
1143959493010698240
1135728896635265030
1026134244261851137
955298621775384577
968753060
1068237536831709185
965693073039740928
1141490221147709440
1141436311636762624
1029042177538699264
65517712
1142153265418821632
868968959915290625
58961382
938525591623610368
1097295009655721984
3131496262
1140356674299056133
2871522196
1139153343870373890
1122726339038056448
1138940788371525632
1094451467203821569
866421027194232834
1137692237465300992
914940991177707520
936618659270856704
883081865988628480
1034275523567013888
2911813894
1136264189964632064
1136498107397619712
1134979084973498373
1087892114837590016
1135719115182739457
2466390535
922629677042360320
1134255418769907712
771860619293253632
850936459557261312
2176252885
1066323011576434688
752640351463149569
774318139249139712
1131350689978957826
3296854998
1131572214573223936
1131560996491976705
1131425231724318720
541257274
336594573
3435717646
942571670035890176
1129767876091621378
1062531166157398017
989539252164812805
767415036994326528
936728869746413568
990327921322659840
3001245135
1126929840484048897
1125759702581825537
1126468893088808967
1126463217323192321
2905847603
1125876147194073089
1125587803461627909
700488925996044288
955542563850784768
1125531925211484165
2833190837
977036042921566208
1124653854254096384
1123797798862958593
1123822629381705733
1111672318194003968
68845734
1096073490032148480
168382980
757402936242757632
4496022075
2669671909
1113968119217827840
1113098620600020993
934961784838148096
909512653298700289
731898867797663744
1120746406262845447
1120311452240437250
1024389530135216128
924281271651569664
1119793865647697920
1118264005380968449
3524695037
875866438074028032
1118946764063682566
1053854383627218944
4834795701
1117965962148503552
257934688
4568088561
758337541120614400
834043927317639168
1038601663605604352
1115929533532856322
1118294902083915778
989985334246215680
698232561110294528
1117982610284777472
171040389
1117975966389800960
1117971474172776448
1117959235059494913
1115430062965317633
786594666221297664
3372827481
89022857
716418772073058304
762712930332897280
969352008883998720
548215056
2780629871
1116775208151592966
839271833375543300
1066510058702471169
2992601410
1114655857671843843
1115446486400229376
1115283863503278084
1002781605017112576
918196379213881346
1114957666605051904
1114717010171187200
1080262578079756289
989607055131594752
1112780889451347973
114049687
1113911969180942336
1054397879589265409
1113587144675811330
1007686526828974080
1112795326279237633
932272321712345088
744301955544125440
1105212736349396992
332252863
4449549575
1110313421776527362
2271706543
922635281303527424
3411021999
1065381818071990272
708671230
980998674561032192
885350804
992140843145363459
917018616012398593
3707701575
1103754463972638720
1052679333565743105
2861462509
732964647368818688
1094650918316986368
3834534587
739497369000153088
736731223704408064
3354251092
329217347
2159928709
835241370713526273
975570954809171968
1108432919821996033
899387850432675840
1092522506064482304
1092520689201020929
707978862983045120
712783135574999040
1107638458305204225
477505772
942931880097320960
3221262345
1104355720315715585
1057893917780250624
1104545750485209088
1106164249599139840
1036732936501035008
705790024600723456
1105950675073204224
1105141146286731266
1101601903421636608
791765271623110656
1104938718580953088
1046901019920273408
917557728243003392
730940995127250944
936733917230567424
892143228375502848
712385227541315588
1030553598
734052976730484738
872937252019687425
403579943
3517482375
1099324926618677248
784913832003112960
1088617762828767232
2341077894
1083217751441895424
941068363274620929
704043578377560064
1099262322533691392
1045418266221531136
1097692618237063168
247545024
170900728
1095456582429786112
842529929241772032
818298314529665024
832385222373232641
1040275485480181761
453570114
782725922776576000
3669056476
1075063779669491712
152675803
1092576900512432128
2228453911
1092964047442665473
1092934656725602310
1089338045785083908
969546485271613445
1037888376832188416
1067905030978760704
897186836057030656
928935991288705025
1065668118339567616
711905644362776577
935304997088251904
230293384
1015235629368692737
750804124799791105
2965539970
837752918308683776
931308104381337601
1641516319
746145570205622272
929875130888704000
823226482822627329
752665200080392192
1948601358
3122135534
1001485337934417921
1047580036205879297
722119357602603008
375270283
847197392705400832
767425298598129669
1077694667330854913
1047649622519427074
1074470415274262529
792019400320753665
1045869334181097472
1070312792400506880
983474975922360320
761588969821892608
940039564734767104
732890003756490752
902934528087511040
836827051139137536
744536809380646912
1074489360375054336
749787258878849025
973323601289121792
1305340112
745474170062929920
1068956609831948288
3124657593
1006928111135576064
721092286046728193
957072809762742272
2806456439
1010954224144994305
821187749130698752
341692782
375299468
1065247292687638528
986711958341783552
1022610122831478784
874259228806045697
773484873218715648
3892058253
890407189181059072
291479879
1064703926933614594
2736750357
847937802004246529
1064293008294715393
3331828805
1063831666957971459
564762342
1062736705269256193
1057773457600057346
846116484187328513
1024406136575979520
1060989273703436289
2508934413
1030409518633680896
986430560280236032
993291819558621185
1038931044379049984
1058846835605938176
1057039274007240704
1030416488472166400
1523362964
4851967252
1040450317740134400
1678835706
774240652813070336
929164026046754816
911451874611666944
941434776136900610
1049431598247108613
1054745097374498818
305270301
1375604510
1054151171512942592
779303126885163009
3581076076
1046183399147393024
1053764244582338560
1008852977124368384
1042165700540936194
315213022
908474903350923265
1050570168974368768
1052705511274110981
1025163112952020995
1052338687948787713
1226648575
866195062891393024
356448452
1013924730598903808
794686074
4870641658
826225982688395264
899309099468431360
968669875186163712
1022885790492372993
967766797901541378
905437392328425473
869378063053844481
306489000
883857162409308161
1932338682
1038838234829283328
1226448330
978410269998223361
891766602802360324
165461066
900491373538889729
938173624007217153
773706171064737794
1030177137561624576
3820557148
956359658591215616
2446174844
2883862495
790327941402128384
884604760401354752
1037880613565603840
875875903594799104
4616934983
934882779896209410
3670236563
61502767
1038924347027726336
1035391475230679041
1036759324633255937
957313356368699392
376530085
715258070
596007163
1036090787279323136
1035156221656018950
1028388258831585282
812146610138386433
956699111255887872
236482697
734934148092157952
2730750214
3317945127
2249399281
3294635146
1032006900362166272
1017504326812618752
1029902023431544832
3015341403
757959631264223232
2279374428
950906306365394944
2211651642
1028046236165779456
340062512
898005171808206848
912141705192906752
769286206869889025
859906041521336320
1026704122475634688
970394660517629956
1017176037845884928
800857038456782849
856214472406511617
1018987003579392000
1025148326876991490
3332028149
1024426322125307904
894258667691921408
541363140
772497880531800064
1004872442186293249
4786966491
2747904059
808322108052951040
917868679307710465
899456167386152961
4027573101
1019668471364358144
766057705392005126
890998808217341952
878041517088223232
937121318411079680
841951486636621824
972206038832250881
1017417535132557312
1012100065538854912
1016775551728734209
4855980183
801409200844836864
772972740420702209
959048757798203393
116434023
928631249807212544
3314350473
795791880017608704
2670352880
119177171
758455894510280708
950719479687864320
1014552232266739712
1858121539
373390304
907968295772585985
914970499045892096
3305487283
897789128066072578
782778858697289728
950609395733467136
759260790083944448
765660409097584646
3135424169
2743869497
1010646782353788935
953316155669741569
709126435806564353
1009625283538968576
719020604452663296
961810669103280128
989264254166593537
3846563122
1007966774351065088
857679915000451073
955977280144199680
841832679146438656
1006540161432334336
951567217359015937
783748082714501124
932057378505228288
4847918229
942181676792406019
954472321498181633
1002631490637828107
980460037960339458
1387690028
809934140334280704
818940622946127874
2418974603
1157456928
994974961059155974
961186818657013760
748331948720930817
751901235591208960
3241938125
992543720825348097
3379829596
1510922419
991766937217785860
4098106205
989870154984062981
888372365754806273
953286338123583488
2921763207
1332756979
986052181135675393
760617375553228800
811735845887758340
2931043311
710491454402109440
791668340444004352
759775557747826689
3781703020
982348147845468160
936251825652666370
771298477108256769
960014946233929728
758063103225495553
2210554663
925678689915953152
3434274453
752690175059169280
3566132487
1696991059
980632316446937089
