1144383535161196544
1273301143330918401
1214568986228199426
1268308775653576704
751840923496116224
1272007829805817857
1256444766880964608
248444216
1272633709326405634
4408398015
1272291015211266048
1269255780441755649
1208589911638585344
1219653887839346688
1271910992033779713
217151896
1193352602672672768
1271489750684381187
2764911023
375374831
1120479455229689856
1216409925011877889
1153037059256463360
1259302938650042370
830524593727221760
1302677004
1175434327875837953
993291819558621185
903409044454592512
907968295772585985
1062848811050131457
1135707508767625218
1007298704431370246
969022052698116096
1267494038481129472
790658163137613824
1269757992192413698
1233864890403753985
4913381080
1216191506542923778
1269060824892682241
1268912057472122880
1268683921706885120
1267836199953203204
1268563547958718465
1151295935525376001
1266894762851926016
1135573632808378368
928281182797787136
1268151135451451393
1267931467918856193
536727036
1159619930343559169
1267329263851712513
1267179568634515456
1014875066859999232
1250244128337772544
1174891935133130752
2482583552
1214694304247173121
1180247949298868224
877283688895197186
3181078005
1183224088938106881
808493979838873606
1252038067361325056
1265070004002787328
1257648379477311491
1029865972893720576
878015404286849025
1190738124281909250
1265851705553543170
1201181605559177222
916692020755861504
1265789113594261504
2981911750
1265134923024867328
724341860974641152
1133206025413308417
1264718444727078914
1264678094037831683
1213189265267363840
1263892525733085184
971928945921634304
1158148867642277888
1231367724762357761
1170044127741972481
1103624355098124289
4865677275
1158375525867565056
1210279456612503559
324000109
1262156312382758913
938490573585076224
1233566874761355265
1007966774351065088
2874848641
1261488484755349510
1250154302452240386
1243443939593592832
1192638732177985537
1166896599638978560
736337006817599490
1182394897027997701
1249739370703306753
2931043311
979553322997706758
790108828817817601
1260347171959963649
1260366807858384898
185745992
975185228603027456
1088667486239838209
1259733463063605250
1039893739047735296
954181359894958080
1074489360375054336
1219799689886945281
1182070234418733057
1072937293466517504
1255540207719452672
1225892452898398208
15893876
1239257914365415427
709703726513180672
1193721948204916736
1256413848388632579
1256440299934679040
1231045887641735168
1158404199367008256
1250676520672202752
1255662625813401604
1253162683593109504
1206066531043598337
2778408701
1184307942927020033
938415083583168513
4203712319
1253817179709063168
1197659400724455424
942181676792406019
1242570326644609024
1253074092225376258
1242417355088695302
1251311667125858305
1188473906514055176
1129098702298243072
981177587924905984
1200836034365448193
1250052620900843522
1250978676520386560
1250935556344864771
1239561609128878080
1158367899108683776
1250142717960687620
1020297047285665793
1248983793295405058
1169003463600148483
847436297090113536
1121180290909708294
1172981334115061760
1227243320012767234
2243069917
1133594755101790208
1217254893318299648
1247753487636516865
4098313102
885180365786292224
914551937554579457
1237186852098125824
1246115474657742850
1098385470369746944
1068838608763785216
765681767302963200
1166219171711127552
1246129272676323329
1086641430586683392
2730750214
825486773186859008
1245412542069067777
1201238322582114312
1169329375499735041
1244421213667106817
1005561079248846848
1221997384068190208
1244849769521876992
164678250
398138547
1142203012326273024
1228192652878729218
1025163112952020995
992359748942073863
892410690920755200
925123562251411456
1079617922027409408
1239365285603352578
1229247925114605569
821200171501547520
1243724428996943873
1040383537625686016
1067239020806238208
1109587760430702592
3915125902
1103465899024150531
1101865640510529536
1243284945205895170
4135536622
1242965105681346560
1161018570916159488
1242633597313527809
1194471439409328129
707978862983045120
1194067210987327488
1240943189659435008
1218960369936490499
966080191771627521
1242264102711382016
969407363512983553
3438713309
1242126461370327041
1228381759924002817
1241525553120804872
1169746441994166272
951843907079467008
1173287652323483648
1084889260354867202
1241495388789575681
1241381877979676673
1241347253417230336
887675276263649283
1241147888895430656
750459364956336128
1105173109852827648
229311810
1232828543148707840
1229902826073206784
3754202656
1239924859121152000
1239746440349519872
4830828712
1187859330793693184
1239372455875051520
867594109334192128
1238882617682001923
1143142804564189184
1237231046648909825
1238801223790268422
1238201111925964816
1210961131021291520
1208162900407402497
1238068179403931649
950658880043876352
1170183955900960769
928328059291340803
1215756075108093953
747977595233370112
1237482930836045826
986052181135675393
1233440451778301958
1016107905144238081
1237060099581018112
1127584253544423424
757987723357683712
1236654261318098945
1157506206702944257
1158761562821337089
116434023
1025805338665209856
4496022075
1180227471741984768
1033135862832345088
3023599744
1131708066989322240
1234993627262312448
1214246856261132293
96346597
1137175951903772672
1183487600230850561
2616540199
1234653716046852102
2238347803
1148047853945872385
1160707545033510912
1234466386346377219
1231423240117084160
1234268415524769794
1220054438817210368
1133010348607463425
1219004295338766338
1233351206564659200
1102749183310774273
1231770121905025027
336888695
1093201782736670731
1232710863762620417
1226037534809042944
1232459947126001665
1232410737194209285
1232409057509748736
2925388246
1232328768120934400
929821638727782401
1232017282433503232
1175966945256120320
744301955544125440
989985334246215680
1185719060652347392
825355422785761281
1219437914616213506
1230653733794652161
947084691475238913
739497369000153088
1199714176127717376
4098909021
1230329724666294273
916433665189662721
1012876776891207680
1039254310578782208
1142095127801925632
2925088175
2769946621
992154236141080581
1221279419123347456
1229877775647027201
1228866972370243585
1229741560251678720
1171583543752966144
980634037604835329
1229196233325137925
912738844054888448
4508576729
1197221425649790976
1228701329369030657
1228886010295091200
968319199381729280
922629677042360320
1228543912756891648
1199897539325186048
1227238858548334592
1219832351066378241
1143653885434834945
1227407832024330241
1137362224069140480
1227282345243357188
1181951054331678721
835241370713526273
1226019508755800065
1022997413211058176
721092286046728193
1020453578295693315
1225649504981942272
477505772
1226891808
1225572686539218944
802923856277151744
1217602504109756417
1122699173466443776
1224667858116009985
1224660161106776067
1224169903009271808
1073383235177066506
888441533103570946
1218728409519529984
1223778091736227840
2758989473
1223753878149222402
1217864127420555276
1223209199636795393
1222860740887031808
863214864621350917
1016743609071276032
1222896581243850756
1222978930417770497
1084204363558600704
1178280725587660807
1173448294913204225
1222902076964913154
1024803059426385920
1222646043277496321
1086299160616292352
1104039437309231104
1067596626762571777
1221914180854394880
1220913573444116480
1211076006250856448
1157002258816610304
848241229116698624
847197392705400832
1194077571182473216
1219748699145936896
1219812519180718081
1199000972019806208
1216883816331124737
774679184
1219489194936016896
1219478193423429632
2868026092
824799422160723970
1217769550294540288
1219330021946470400
1219088611330744320
1213130316677668864
1058153123632594945
888859976
1218902707525820417
952982737908101120
995331505068105728
1063420890254385153
1218310402678968324
1217877996847222784
1110313421776527362
1142543611617316870
2871522196
1093303687525646336
748080801863114752
1216884637185777664
1029042177538699264
1216195048376872961
1216085527499280389
1122348501864783872
1215433488284950528
1161481699760508932
1089338045785083908
1213482498551734272
1125830721652908033
1214602109733232641
1204918011074887680
1213065128112820225
1213568682644799489
922788706666405893
764870108250529792
1545509534
1213126163071041541
3795069496
1210553899125530624
1212337661559488512
730940995127250944
1212137744362696705
744536809380646912
1134874752424796161
1164388674307538944
1211457407869579266
1195919420801114114
940416289
2562827355
1211040459734171649
819736803494215681
968669875186163712
1151503251986161666
1052705511274110981
1080170664089276416
1200528344175054848
4866981885
1209831170290208768
1175192592411242496
1152689921196474373
1203840219679797248
856275436132761600
1209136191808950273
758337541120614400
1208577810652106756
816210641992249344
1138994394613374976
1204560394964086784
1201934274733236229
1207232512751214592
851628285616377857
858449534573314048
1058019499029467137
1167997516807323648
1203875143463981056
871507052195192834
1206351251241353217
757959631264223232
1118659747224412161
858461394504646658
1205865675954229248
1167502982067474432
253685777
1074683896590151680
445067792
1088144759649124352
1087127408875048960
758887594268602369
1205170638345949186
1204565281181519873
3744520336
1204423397008117760
1204404370311434242
1203733249786359812
1203046058089205760
1621923211
1025586932246609920
4195067889
1083533414572195841
1036350907850678272
1200136819024764928
1050545194930720771
1101626670530859008
1045506781550702592
1199537576388038659
1197486310690295815
68845734
1199386107487621120
953976975340818435
1195164837011185670
1187938834769727488
1193634811761627136
1094588670869491712
1161472168506662913
1054393607124385794
1181968212478644225
1198112678281121793
1168574337252823043
1188647112080269312
1195767704403238912
3781703020
1197520308430868481
1162780920014934017
794622778397884417
1196880403476426762
965959690281734144
1196000598212194304
1195871388780957696
2230186536
1194816494187798528
1194064374404698114
1195302766626955264
1193187882174951426
1166360440470953984
1195146514399682561
710172142592196610
1194965849238654976
1187474497948938243
1191474568118095875
1194750664141873152
1186359706538991622
975799740632829955
903667409407672320
1194214533734252544
1194292683096895492
1193700122443616261
1192996787533078529
1171561174812504065
1191772869149253637
488983375
1193192576515543040
1385848219
1117970611173773312
1061197298246602756
3398189836
1140237684906045442
1192128316481974272
705790024600723456
1192041352881684480
1172677653901578240
1191149738818707461
1104505888201760769
1188859979714957312
1150869184131284992
3434274453
1110988301866074112
1189712025657729024
4813966702
1092253110628765696
1134778985764794370
1114288690497576960
1144006515923324935
1186857395697442816
960866679940108288
1188577350478368768
1185679570760060929
1187471425684115456
1187316226147733506
1113964792899952641
1187068954826727425
1022325503078932480
1135329652510199810
1018941765485776896
781652180549902336
1185414938199810048
1185943449515769858
1064655615807639552
1116422594075463681
774843436906254336
1180905898774061056
1226448330
1184507442379612160
1170868718953553921
1183512804214616064
1179921012521160704
1166806929722810368
857613290503122944
1122113742072963074
1182419547846070274
1182081049540608000
1119848797310476288
834769943040229376
1150449299785953282
1159876786458697729
1181016551950094337
1149921216830083072
1180983843513389058
1135058029064478720
1175128403516776448
1180634685124296704
1180644421769019393
1149380151010050050
1180235206709710855
1173062802585640961
1175080251787010054
1171528120303636482
932035509513281536
1085772340452122624
907809371639435264
1177760919016919040
859218767867506688
955298621775384577
1177593199088537604
1177247024279949313
4834795701
1142951523594510336
1101601903421636608
3075964299
1142967209192505351
1175175076456669184
1174819889619619840
2211651642
558149012
4188139511
1120746406262845447
3421570534
937872079629836288
1120311452240437250
1151630194626760707
1174012439790333952
841951486636621824
1173693399620292608
874761499021017088
1106023154462412801
1086289682013528066
1173014600654249984
1169449486621585410
735933282706173958
821187749130698752
1054745097374498818
1050570168974368768
1043250807678939136
1147506639366426624
931308104381337601
809934140334280704
1150995623866490880
1171237568689688576
1154493297425080325
2525683950
1169325279816429568
734143675400368129
757242709253955584
169921958
808094667380297732
1170766048720805889
1121819431699718151
1169746113026502657
1170101445724692482
1015978421514653696
2758924739
955542563850784768
736997503128735744
1167847200686333952
934961784838148096
1169288365709156354
1169048331995234305
123402487
1111383494918316032
1163495004217794561
1168328914223194113
1121044230221238279
809590037092462593
1168043603538714624
1156604254909542400
987401940035362816
1037888376832188416
1151519213074419712
1539785179
854066815382810628
985851440798359553
1166144863018074112
1025062407947931648
1135291747867795456
1165229867471974401
1120845349202157568
1153323770708398083
1165037932518027264
1029713374974812160
1164326877282164736
1157476647173537792
897608600381730816
1163632963562684417
996155249248362496
1163249584119959552
1148275428353855488
1163449796402827265
1106922248047419393
967437825347112961
1162705012692344838
1070059813126766593
1141436311636762624
706274250894807040
1161396489412841472
962031454623383556
1064546749317029888
1158449776368791552
1090107766411272193
3164495573
1134255418769907712
909054523074805765
1100479333452447745
1158039710851391488
1039487064721575936
1118312267014180865
1136800320321970176
1154545172493021184
852181516302123009
918196379213881346
302763312
979420554963902470
1138610699557642240
1158402565916233728
932566772972249088
1126238481179709441
1158041390720409601
451118645
1154360762799984640
1157740941429616640
1063153784682098691
3669056476
1157507411030269952
1152397249130971136
1156770067243261952
2848598104
941068363274620929
1122824228393426944
959452321095802880
2921763207
1027249255667384322
1114590365967888385
825709910885277697
2279374428
883856792605863938
1023373294186242048
921141354872401925
1156380145218924545
1148227521701404672
1155654565687111680
1132290652816007169
1088867932371857410
1118915990849503234
1153825521467363328
850936459557261312
1117982610284777472
953316155669741569
1154353269084434432
1154398331155734528
725057885370195968
394399328
1147528077037191168
778014775049674752
2938331301
1146462117589127168
1065720691150987264
1082732107020099587
700488925996044288
1002781605017112576
1150603198585036802
837717798826749960
1131572214573223936
800721256307826688
776531959602446336
1069368203208507392
1115688465478193152
1073374027576676352
285193820
1144032681950351361
1150243082539032576
2883862495
1112797760883974144
1064172905267904512
1023381682576154625
793253893782310912
767415036994326528
808322108052951040
4785128974
741827734222065665
1143659295579529216
1022218790208241670
1149957375127949312
1146511739590197249
3403015793
830997849672409088
1375604510
1150447366052425729
852024382482333704
4041173291
1115446486400229376
2670352880
744747573248954368
4243337080
1146910194267492353
1134622250039205889
1148786252835151874
1063862473047121921
715292196287721472
1030177137561624576
1125876147194073089
1147937989840035841
1141468348875776001
754534702418198528
834043927317639168
1135353231079555072
763883840674861057
989539252164812805
1085444876316098560
936728869746413568
964161032884277255
4851967252
828710519464984576
898663393388900353
1144083522044534784
1110931442308206593
1142506115885912065
884604760401354752
1144249598313213953
723936698208534529
752640351463149569
1005876094225059840
1325644706
1932338682
1144521854956294148
928782104468643840
1082607902215540737
966059938513637377
1021988196303949825
1133144717951209472
1141725890797342722
1011451879933534213
1142173942188335105
1142153265418821632
1091795943299649543
990327921322659840
734052976730484738
1094763652689940480
942931880097320960
1065668118339567616
1133140790610399232
1140356674299056133
1140411120060116997
1085733866323828736
1124138333700075520
1138153711170179072
1030523683847266304
1138975887490240513
1061386459519877122
1132653095446618112
3820557148
1137405940725100544
1136671997092646913
1094451467203821569
1030409518633680896
1135679763480272896
1135646583616409600
741459744741789696
1134301344532238336
1083189095692668928
173609310
727906471208493056
555440889
1131697710699036672
708671230
1125759702581825537
1036706454701568001
1128082573492617216
791264109635436544
1133058531572277250
1126463217323192321
1022878699895570432
4127828129
930852158941122560
1118264005380968449
1130947426565677059
1129767876091621378
1087893683129720832
2897344143
1120064055119577089
1126692842485633024
1012440622312165378
606583721
3125345297
1128447027174682625
1052709092622573573
1117276777703931904
1103482085455609856
1126929840484048897
1001686119908560902
445141751
1124012165801893888
1067905030978760704
1114689597332701184
1055215820790472705
3731999601
1030081292807929858
1118870158163021827
90996969
3043728663
736959494945689600
4035790420
4449549575
497114969
779812427403755520
1123822629381705733
1123797798862958593
1036723115680772097
1118694956422529024
967893814089265152
1095890235718856705
1053389690617905152
787471496235147264
1052338687948787713
1081783177478373377
1122644801634095105
3001245135
3707701575
1022885790492372993
1050058468810469376
1111781792900698114
34319516
1081735022397321216
318561251
1092522506064482304
727329391877959680
1107450330051153920
1058051667172696064
1120321531765248001
1116771559060967424
1117605923663560708
1116531159486410752
1097159525134671873
1105212736349396992
1087316833085079553
1111760648801792000
332252863
1045418266221531136
356448452
815468915853848576
1113253405672247296
1078436827172925440
1110335969146925058
1063282439395643397
1100160710242385920
800857038456782849
1097295009655721984
856214472406511617
446511187
1107849527980183553
960014946233929728
1012100065538854912
1107683858458251264
964663509945643008
1105950675073204224
953286338123583488
1036640944559407104
1086789395200512001
751579602573746176
1053854383627218944
846981000571867136
1104216167378493440
932343335892783104
1105136111809167360
1104545750485209088
1103754463972638720
914970499045892096
1083126128745820160
936733917230567424
975086317875933184
849778241565020160
1102662422949756929
752690175059169280
1102026575065812994
4215131680
1534453711
1100596339606503424
909512653298700289
100019889
760617375553228800
1100742136885071872
1057039274007240704
704043578377560064
373390304
1094222840843390976
823625991717289984
918201369236049921
331252069
782725922776576000
2279059176
1094606384237297664
1095018649906266112
857679915000451073
1678835706
4821827601
1094036815076577282
903756177217118208
3065490257
872590712050774016
1070312792400506880
1092914031738929152
922970451944574977
1088039293543690240
1092507404347031552
918691578440323074
998354459553124352
1092113160193167366
1084474564434952199
817858743731949569
788851687410761728
1090451211134947328
1002631490637828107
3000641686
790407601926340608
791765271623110656
1084941836781797377
1085755980200189952
1010021107456282625
718230121988145153
869179254168223745
999830822713741313
3042133220
1699950121
908474903350923265
1085312919670276102
1084242026353299457
1077013853798567936
1077247453320134657
955977280144199680
1077694667330854913
1077655636878479365
1039939001849925632
1634148068
1082727874950508546
3961525817
1080172444927909891
4870641658
765660409097584646
1053037692655677440
578034467
1387690028
1311111001
1014552232266739712
1081430220
1016819069348130816
4870923189
798697029237112834
1067777807886049280
760628608633298945
1079871321876639745
1077139473635385345
794686074
781530613543235585
1006759665127055365
1078034867487756291
2271706543
3332028149
1015235629368692737
725349306715267072
719020604452663296
926648646547968003
1045438508893184000
1074508595360882689
1044748640751939585
889291290541793280
1037021455064682496
1065753633160142849
855334430767841281
967766797901541378
4786966491
734934148092157952
751901235591208960
1073054817101189120
883857162409308161
1007729974286143494
764183330543861760
1005453782401126406
767812913218351104
1072627164774846465
1010958844904853504
1072245336561860608
3295814153
1040057654721347585
773706171064737794
1024796618380529665
3412438107
1038931044379049984
890407189181059072
881538478953168896
320473110
879904182043635713
1066323011576434688
1024426322125307904
1019673722809176071
3131496262
1037880613565603840
168382980
370637012
1022653720138575873
3411021999
974332968889147394
978410269998223361
1022643274773946368
765693241496838144
779303126885163009
846116484187328513
346163487
989607055131594752
1047701656304062469
866421027194232834
1041132300916977668
1064293008294715393
1062855305523093504
1029207424924835840
972206038832250881
1696991059
1024404209482039302
2992601410
880221228346347520
3395079915
942571670035890176
3388063565
917557728243003392
731311835656421376
3670236563
1026168684740587521
1058847883720568834
811735845887758340
2270328115
1015309719404244994
1058698032152223744
2979089523
809559141626900480
1054821104685060097
1049431598247108613
147054306
1054151171512942592
384904258
985983743025401857
979139327941890048
1051685606567350272
1051650908151574528
3846563122
790327941402128384
1023055836900454401
708378691630403584
992140843145363459
4917087513
1013910940537053185
968292216904044544
989870154984062981
487899617
1048692348291612680
1048983675210219521
987793085529821185
3409281945
415166344
951612668556861440
973323601289121792
1047196719665037312
1027597949705101319
2418974603
3239446605
903735490465193992
986553364145197056
954472321498181633
885350804
95474688
841832679146438656
951567217359015937
503416107
721889745215832065
1038546949266395143
2466390535
1024817328851247104
992543720825348097
899309099468431360
2313643981
1001854524951351297
1038924347027726336
3381158369
1008852977124368384
899387850432675840
2565640556
873523052277051392
949628559747960832
2293108508
791668340444004352
744390270079406082
1034989432720564232
792019400320753665
859906041521336320
935334567745073152
726812132843638786
360203500
932671848273338369
2952009239
975556785410060294
1332756979
965693073039740928
3150206950
753767312377913345
910568066978865157
950906306365394944
3319164947
911629165555744770
830783193410314245
2322526243
156498020
1031569757370232834
1013648692111380481
801100887846514688
4738420696
1029902023431544832
905911474161319938
878041517088223232
907059929789452288
779121929882046464
869739858306228224
1924514052
821050521276612614
980460037960339458
4246337207
771298477108256769
899456167386152961
742547824244588544
1022158963029233666
853065604667977729
3566132487
918001740196261888
834908276538150914
772972740420702209
988485313398964226
1013562366028668928
737018767553798144
3834534587
888372365754806273
767144315684610048
937121318411079680
813817468519088128
771860619293253632
761588969821892608
2334892588
902934528087511040
983474975922360320
